1
300 10
1.67073 19.0674 9.15336 12.7148 3.33904 16.5643 -10.0397 -6.44823 11.8169 -11.7134 
0.111916 -6.55115 10.359 8.22134 -3.1306 20.4906 3.49428 0.707747 16.5897 -13.0113 
-2.41049 3.51697 16.543 -9.98377 -13.5766 4.40919 4.47833 19.951 -21.8773 2.2864 
2.05388 -0.419039 -13.5239 18.9231 10.0484 -6.81954 0.838359 0.065888 -10.1714 -18.4347 
-13.2636 -5.35449 -6.14865 -15.6966 -18.8244 4.5818 4.05956 -9.57533 0.409078 9.56315 
2.72098 -7.08551 6.5888 13.5651 8.64972 -3.53913 -3.07388 -0.857265 2.31806 -10.5346 
6.80236 5.84913 -0.484991 -8.58187 9.51477 6.97805 -19.3969 -4.46583 -16.6004 -2.5588 
-8.89093 -12.9436 -9.34015 -1.67895 -16.6245 -15.5401 -10.1512 -9.49742 2.28087 -3.27949 
0.215625 9.38531 -15.9176 -12.1092 -4.98387 6.74831 1.05745 8.62123 1.52607 3.74901 
-10.7494 -11.8584 2.35319 -13.3508 -11.254 4.06617 13.6114 11.1388 -10.8065 -4.07726 
-2.04639 10.2393 -11.1816 7.76778 -2.33507 -1.26484 -10.4585 -7.69451 -3.49121 8.59299 
0.0286732 6.14516 -7.01689 14.7315 -12.9035 -1.63972 -5.31715 15.5009 -8.77451 5.05097 
3.01822 12.6189 6.56517 -5.24987 0.87536 -1.36112 13.5327 -9.05717 -10.8943 7.29762 
5.92943 -4.50953 1.02697 -0.906252 -5.64854 13.364 -8.73938 5.01085 -6.69522 -1.26331 
11.9525 13.7735 -11.8758 7.02656 1.70197 20.4402 1.8294 6.87089 -7.66802 3.46081 
-8.77257 -7.536 -21.5608 8.69823 -6.8516 -20.2103 22.0693 -0.735633 -2.09283 13.0037 
-29.1929 -11.6725 -4.82649 5.39238 -11.0799 -7.91342 9.61958 15.8438 4.6047 -2.07981 
9.05211 4.23636 -1.53366 -11.5457 -8.9045 6.67837 11.475 -3.07528 -4.63942 -0.751571 
0.73587 15.0412 4.01832 16.7035 -3.72121 5.5836 -2.35975 16.1865 -8.44903 37.7071 
-4.5383 -1.02449 3.60435 4.01526 4.68713 -4.68926 7.36733 -1.32533 1.73099 -5.50162 
-10.414 -1.35781 -0.428061 17.3248 5.1501 -6.92238 4.42904 -7.84878 5.31924 -14.8169 
8.16247 2.66188 -6.34663 -2.31284 6.52085 -5.52782 0.35006 -2.03247 11.5062 3.52685 
-0.914015 8.41919 -3.95098 4.6514 -3.45581 3.15762 2.48199 3.60972 3.24678 -11.053 
-14.9794 0.31726 6.72905 3.94205 25.4402 -8.98425 1.34708 14.7558 -21.4788 -6.68916 
10.0359 15.707 -16.9589 -4.70375 5.57911 12.8522 -4.85488 -1.96621 -9.95506 -7.84404 
12.8219 2.19476 -16.5826 6.93306 -7.22421 -9.01897 14.4767 -20.296 3.6093 -2.07808 
6.88678 -6.87418 11.3875 -1.85923 14.6836 7.56578 4.91656 2.31757 -7.93017 0.379023 
12.2679 16.7441 6.201 -17.729 -0.66991 -2.52821 -8.57382 4.01941 4.97861 6.68784 
-10.7334 6.3475 10.7674 -9.63689 -2.19001 3.21723 8.72117 -16.9828 -21.2265 1.89982 
-7.77007 -17.9408 -3.67248 -23.1046 -11.4393 1.37556 -11.1433 14.2398 -0.892335 -0.937402 
-3.07525 17.4445 -4.98185 11.574 -18.4214 0.450607 -0.869518 6.03182 -16.722 11.7225 
-2.08071 3.75628 -6.10553 7.76597 5.79554 -3.24179 3.74117 -20.8388 5.4701 9.75903 
-0.779598 13.0828 -21.0984 -1.53906 0.230925 11.4753 4.87005 10.9092 14.7972 -2.71467 
5.07123 18.2913 19.685 2.23518 2.50738 11.0966 15.258 10.3536 5.3568 17.3929 
5.40506 2.09053 -5.1877 4.20854 -8.47013 -1.37088 -2.84493 10.8656 -5.43797 2.51135 
-1.30728 10.5845 2.91007 -9.39438 7.97877 22.0713 -7.83723 11.6246 7.04996 -5.63055 
10.8325 13.7396 0.786368 11.1741 -3.39001 -16.1502 -13.733 1.92267 -5.76021 0.598546 
1.68238 4.51636 12.6249 4.47678 -4.80933 8.26103 -4.36675 -11.3886 13.4935 -10.3922 
-19.063 -9.59897 -2.11165 -7.24276 2.9286 -4.70316 0.422304 -1.24064 -5.93866 -9.06302 
-7.54126 3.90377 15.2165 -1.38437 20.412 1.62213 8.62337 9.89252 -21.3763 -4.5235 
19.5156 24.3732 2.84195 4.63395 4.5048 -8.4222 4.63483 11.0148 13.8844 -5.83882 
-28.2308 7.81311 -11.1557 -1.84526 16.3329 10.1494 5.97409 7.01274 16.7338 12.7098 
6.47507 3.83616 -7.23377 0.186564 -2.18671 0.789933 -20.9952 -0.753569 -7.38179 -8.91646 
5.97874 0.567617 4.05456 15.0546 5.82044 -4.1231 31.1388 -1.83848 2.77994 -10.0324 
11.2492 11.2029 5.90427 9.52792 -0.279373 -2.38516 -4.6171 -11.9293 -6.81932 6.68185 
5.85701 -0.785868 20.0321 14.8313 15.3469 7.54906 -19.583 -5.76022 -18.5807 -2.26881 
-3.30693 5.81404 9.54397 7.9967 6.06244 16.89 -13.5109 1.42295 3.13907 2.83286 
-14.6497 -4.3276 13.3424 11.0767 -7.44185 -16.0261 13.5132 2.87814 -0.348429 7.14957 
-8.90485 1.82485 -2.37585 -3.26464 6.24624 -10.2326 17.2056 -5.20808 3.37346 19.2278 
10.3541 -9.22125 -5.59342 -4.86024 12.6659 6.8857 3.5669 24.4861 -9.18358 9.45683 
8.75688 -0.757181 9.56839 -2.05443 18.0752 -8.11508 -3.54764 -7.50226 9.04264 6.10502 
4.01857 -0.0422645 4.76665 -12.4381 2.59928 9.02967 3.79786 3.38026 -10.1759 9.25167 
9.02862 -10.3738 15.4325 14.2606 6.8207 13.7805 5.53368 -21.9039 -7.87729 6.57439 
-0.80521 5.34459 0.273847 15.5997 -0.814455 -3.38105 -2.12032 11.6346 4.61252 -9.48264 
-4.53037 2.48159 -17.5513 -6.7852 -11.5649 -12.4177 0.274064 0.0325391 -3.82708 7.00949 
9.81942 6.77808 12.3941 0.361567 14.6966 -5.0798 -1.11793 5.13891 1.55261 1.04344 
8.56661 1.02129 -8.35561 12.1819 8.6174 2.32405 14.9669 -18.0748 0.565568 15.1179 
-3.93836 -4.74741 8.69268 3.57881 3.31829 -2.03133 -1.03067 -9.73702 -3.60406 2.81589 
-14.683 -6.77943 5.30151 -2.62497 -0.428433 -11.9728 11.0968 -0.484871 -8.55864 -2.69512 
20.3454 -0.797862 25.461 -8.66055 -12.0226 14.3224 6.6875 17.5379 -10.2793 9.88566 
11.3982 -1.04262 -19.0624 2.74209 20.0853 3.00063 -4.42646 6.1031 -30.9112 12.3808 
8.02466 25.1181 9.95103 13.5034 -7.39812 -1.9688 -9.60721 18.6901 -7.75394 16.8192 
12.5353 -17.5929 5.44877 13.3271 -18.6866 -4.72033 11.1016 -6.09108 -13.7301 -1.96181 
-13.7174 11.5908 12.8553 -1.8105 8.13361 -3.85931 7.25777 12.7063 -13.9808 3.45135 
-1.12233 -0.585886 9.32234 0.0528631 -11.9714 2.23317 -6.31393 11.7564 -2.72552 0.314831 
1.2795 -12.4851 -5.2239 3.98857 5.08547 3.79533 3.98295 -12.6189 -4.79724 -8.58395 
-3.83862 -16.5277 14.5863 -4.76503 -12.8802 0.4473 -10.0332 0.0270038 0.829118 -0.216815 
9.48826 -9.78257 9.71487 -5.97966 -8.90781 -0.498291 -10.9124 1.63031 -11.6602 -0.340469 
-3.35129 -11.8855 28.8662 -12.3221 -13.6557 2.90106 -13.0135 3.49866 2.11034 8.2808 
-17.0072 5.88672 -9.77672 0.175096 -8.13258 -10.0132 0.716956 -6.39241 -2.89001 5.81593 
-19.9129 1.62209 3.75875 6.36211 0.866744 2.52498 29.76 -0.272291 0.575282 -0.426823 
-6.02243 6.29985 -18.4249 9.21119 8.92351 13.3817 3.69991 14.197 -3.56989 12.8677 
-1.9652 5.79129 3.8564 2.47591 -9.72067 -4.22629 10.8512 -15.6263 11.1862 -25.3302 
-0.34077 3.45374 6.50103 11.1866 -6.49397 5.43297 23.1604 -2.7233 3.86525 -2.16631 
10.5585 -1.12883 7.57356 -0.31014 23.5499 -10.1237 -5.55665 -9.58221 -1.70346 9.44379 
11.4572 8.00314 -1.6291 8.00718 -0.76612 3.48165 -16.1394 -18.8547 3.69013 13.8581 
4.6662 -13.0125 6.71797 -5.39614 -2.99337 -4.33542 0.0581546 10.3979 -4.48849 7.78936 
9.98415 6.37836 4.02679 -5.27751 9.78576 7.56474 11.4175 7.25912 9.09094 4.7558 
-4.78802 -4.23459 -15.6684 0.417004 0.917817 -0.465731 -8.98055 -0.332701 3.87268 11.169 
-22.6899 -1.99882 -8.45312 -2.52563 11.3615 -16.2385 -7.24694 -7.65751 -4.27155 -7.16853 
-7.78483 16.6704 -7.25191 13.3912 -3.40137 -7.69493 5.28361 4.30308 3.96523 -12.2084 
19.1309 -3.43666 -1.39325 -10.3246 0.749522 2.94986 -1.17598 -2.91832 12.5401 3.03058 
-8.95925 -23.1692 -7.2839 -1.09665 -1.03785 7.40503 -12.2541 -0.913588 -24.5194 5.41296 
-4.66909 5.69944 6.27886 -11.2428 1.75819 -2.3514 -11.276 -1.37235 12.9087 5.58698 
-1.49739 -1.86647 6.28117 -5.9225 -12.8509 12.269 -9.15315 9.38286 -0.574012 4.90452 
-7.50411 8.34706 -8.38259 -0.478251 5.03253 -5.08759 2.7912 -8.67365 -7.22685 -1.52922 
-16.5033 22.7778 -7.55911 6.22942 -11.826 0.347142 -2.60455 -6.28844 -0.397752 4.79269 
-14.4107 -4.71357 7.01423 2.24722 -2.62451 3.63445 -4.58403 -6.59212 -3.93286 8.19592 
2.0907 -20.3052 -7.65941 3.49022 17.2992 4.43582 9.03402 -4.40108 5.29655 -11.8045 
0.421621 -11.5532 -21.9332 3.55324 14.5371 -10.956 -1.94197 -9.22324 -17.3404 -8.80166 
0.609157 0.102592 -2.40494 12.0242 -9.51587 12.9621 -2.08383 8.44484 8.10042 13.5993 
-7.44664 3.77275 -7.68264 6.02827 -2.96529 10.4063 13.5258 0.708829 -11.6118 -0.710995 
11.799 9.10536 -12.9967 -2.08975 -15.4058 -3.53331 -1.62351 -1.70234 13.9656 -6.649 
-6.07939 -4.84275 -7.10878 -3.2656 -5.35804 3.75761 -0.676797 -9.7836 -3.42932 -17.2812 
5.64064 -2.53599 5.78907 3.75257 5.23845 1.25485 13.2264 -12.132 -5.1571 -16.2447 
7.15205 2.15142 -1.28174 -4.84822 -1.44473 -11.4223 -19.8238 -5.67243 0.62696 0.359131 
5.80658 4.49881 0.776451 -1.71768 -4.62855 -14.5445 -2.08533 5.20583 -3.12058 -5.35915 
6.26513 3.71862 -10.5925 -8.74225 -3.01095 -7.11301 0.95247 -2.85487 0.063558 -2.30079 
10.3819 -14.7881 -12.7258 -10.1259 16.2874 -1.38942 -13.0592 9.35158 4.50635 -5.94215 
14.7863 21.534 5.56018 -2.68711 -1.09751 -6.45651 14.9617 15.8988 3.137 -12.1842 
2.92614 19.414 -7.46065 1.02111 -5.02885 -0.359503 -6.79103 0.0909442 -2.25876 14.8926 
1.43692 -6.37474 -3.66753 15.1367 -10.3638 8.6335 11.7832 14.1334 3.29956 1.86522 
4.236 -7.28786 -5.81605 -4.33984 -0.203941 3.6314 -8.69764 -1.70463 -21.2859 21.2495 
25.1289 2.04682 23.5087 -5.85645 -1.40814 -5.6494 -4.39029 2.18625 2.7137 -1.27028 
3.57094 8.91252 2.25737 -20.4844 4.371 -1.49351 -10.6431 -5.85001 -0.655951 -2.43376 
-8.11802 -26.2239 0.582935 -9.90622 -4.02437 4.72256 5.01729 -16.8461 13.8296 -9.00746 
2.42456 -23.6513 -5.65748 -7.88253 4.11423 1.85017 -0.952115 2.67841 -12.0603 -8.71672 
-1.08311 -20.5231 0.29858 12.7086 6.20798 3.85138 -8.61906 8.55582 -5.96146 1.9508 
-19.9935 -12.8578 13.6979 -17.7525 -10.869 9.54845 -17.5984 17.604 3.40993 11.7567 
8.59281 -0.97582 11.5978 -13.6639 5.08926 6.40683 5.27239 0.59463 3.61459 -18.7519 
-5.07869 12.7844 -12.4339 -11.1992 -5.19712 -6.85602 -10.4492 -10.5849 5.67802 5.44961 
2.27378 -12.9235 -3.02746 7.6321 -9.10507 -0.441927 -24.4555 3.77716 7.00534 -1.52486 
-10.4308 -1.06894 13.6077 -9.5021 -17.9447 22.2783 11.0549 13.7255 -0.498975 6.83813 
-4.64325 4.53231 10.6941 -1.59582 19.0381 1.71444 23.5421 10.1168 13.0879 20.7486 
9.81633 14.2538 6.19587 4.11291 6.6146 8.68536 -0.00120424 3.16549 2.18646 5.30702 
-4.83774 -9.23653 -3.48828 -3.34854 -7.15272 0.613394 26.9591 -8.78888 13.14 -4.14154 
6.25399 3.99611 -0.99436 -22.9725 1.83049 5.37412 -14.893 -4.04114 5.7586 -6.8823 
2.70065 12.4243 -12.8993 -8.28346 -20.9325 -8.32153 -2.63167 -6.72776 3.25315 15.2722 
-2.61484 -10.3545 12.5111 10.9435 -5.82146 -0.047787 -14.8686 -16.1348 -6.67351 7.3169 
10.7626 16.4483 -2.55435 12.2414 -6.23335 2.32303 5.29885 -1.40011 -5.16941 3.07695 
17.9079 -13.4498 9.43765 -19.9231 -3.63841 -11.5792 1.06428 2.64013 -12.0607 -9.13273 
6.84147 6.66236 1.42142 -5.57854 8.20832 0.167643 -9.10576 1.35495 13.0619 -5.98783 
15.5582 -2.20095 24.9299 -13.5999 -7.51626 -11.9372 9.51142 24.5333 12.4145 4.54451 
-13.5955 -20.4112 4.21559 15.7997 -11.639 3.05029 3.22973 -15.584 6.04597 9.67994 
15.045 9.5121 -3.84132 3.24454 27.7207 4.91461 0.771472 -7.28129 19.1292 1.38073 
0.931505 10.6921 4.17392 12.8906 -4.26461 5.89208 13.0103 -15.8173 7.51649 0.488384 
13.2516 -3.20171 -4.91429 -5.88887 1.1252 0.786273 10.6704 -6.58283 4.59498 -16.5079 
-2.75878 8.24722 9.61521 -1.79592 10.2405 -13.8908 -5.23491 -0.700327 -5.20795 -18.6487 
7.07239 1.26282 -0.945374 -11.4034 -3.9199 -9.64469 -4.35491 7.00355 1.3745 8.90528 
25.1135 0.288038 7.75279 -3.54673 4.46734 5.55461 -7.9176 0.283297 -4.406 -14.038 
-3.42277 -4.15734 13.7784 27.5738 8.0738 -2.98028 4.33568 11.3924 -12.1484 8.47435 
-11.7712 -0.304628 8.06814 -4.474 -0.983304 -20.8622 1.04134 -2.02367 -17.4586 4.24524 
-18.7924 9.80645 -10.0937 -7.52049 0.503323 -1.67031 5.81957 16.7324 -10.9404 9.86618 
10.3197 -19.3808 9.61382 -14.9839 -5.1444 -8.5136 -2.40457 10.9529 4.80199 10.065 
-17.1035 -3.53154 5.45161 2.2742 -14.3079 -10.1727 -1.6589 3.91292 -5.67328 9.1389 
0.389376 3.7487 8.5197 2.68999 0.15412 8.89262 -11.03 -3.69331 -16.3901 -0.664468 
4.54464 -1.01088 -14.7115 17.2196 8.08365 10.5587 11.8747 -4.03033 14.7974 0.107313 
-0.903517 -15.7536 7.1226 -22.7848 -7.3038 -10.9641 -7.15595 6.95596 13.204 -18.6883 
5.62601 -1.465 12.35 28.8507 11.1556 0.201592 9.12795 -6.58368 -5.23531 -12.3287 
-10.6465 4.51542 -9.37295 19.5051 5.22469 -12.6888 -9.16388 16.6066 -7.12235 -26.0017 
-10.3632 -5.89298 1.66198 11.1975 -9.95805 10.4181 4.96466 -6.17915 7.86952 -2.9855 
-2.92532 -12.5758 -0.619405 16.4829 -0.181928 9.03968 -19.9222 18.1622 5.07812 -6.24989 
5.84343 -2.98842 25.1485 -1.40283 4.79002 -0.133347 -2.49611 -14.6059 -16.6275 0.495828 
-7.01054 -4.0725 -5.04358 -7.74236 -10.0482 -8.19605 -4.03027 14.3033 13.468 -4.05523 
-6.01912 7.2222 9.20375 10.5225 -1.30791 -4.8649 0.886898 20.3653 -14.3967 -25.943 
-4.5711 -10.7738 -7.70594 4.91735 18.8394 -5.35212 -7.29119 4.08258 11.089 -16.4495 
7.99633 -18.825 -11.4268 5.0845 3.8376 -21.1578 5.84491 11.0427 -7.6491 -0.114112 
-16.8674 -5.18856 6.49193 -4.08134 13.8339 3.95264 15.903 4.84604 -2.51795 14.1066 
5.39822 -17.1471 -14.3594 10.8519 -2.71146 -5.62081 -3.99278 10.4089 25.5487 -2.1499 
16.2737 13.6953 -1.6697 14.5575 -12.2116 -6.80283 -23.7493 4.35277 -0.151077 6.8771 
-0.75833 3.85533 -6.61597 -4.82014 -3.46586 -1.83706 4.30226 1.40605 -12.9892 23.3367 
2.41258 -12.7493 3.74071 18.0912 4.62448 -2.55569 3.55642 -19.4617 -10.5058 -0.676566 
-0.322334 4.70837 6.37958 4.0839 8.15482 12.0699 12.2895 5.88914 -6.30802 -3.23669 
4.36138 -2.74388 -0.886544 -5.91625 11.2875 17.5441 -5.66807 -2.49565 -13.6203 22.479 
3.98485 6.48576 -21.2611 -0.475985 14.2915 1.86932 -1.23513 5.78878 19.4801 -12.9063 
-3.63601 5.59964 -11.3733 -7.06325 5.40569 -2.34695 9.85884 -7.50208 6.14857 4.56863 
5.1608 -6.01707 -7.5682 -11.3752 -4.50508 4.11001 -7.6314 0.128985 -10.7243 14.7707 
-5.46491 16.1274 5.7259 -15.9962 -8.64711 14.7207 -3.29978 1.81327 12.8518 3.54615 
-11.5557 9.2954 -1.79814 0.469446 -5.68188 26.0561 -14.6491 11.1307 12.389 -3.60767 
-6.70049 -21.3382 -6.26789 -2.54199 5.84433 -10.3583 -13.9031 0.686035 6.38848 -8.07736 
5.40246 4.32738 3.99984 4.88838 -12.7752 11.9307 15.264 4.20902 12.5348 -7.93659 
8.61906 -4.78835 11.1696 -4.90666 -18.6089 2.19462 -0.560497 -4.93326 -13.7013 -11.3876 
-24.5232 -29.5347 -14.3678 -10.6036 15.275 -9.59603 14.758 0.270089 23.8902 -21.9656 
-13.0721 12.1756 -0.705454 -1.64739 2.24443 3.28886 5.58124 -6.08992 3.78108 -7.29838 
-2.27011 6.13631 -0.387798 -10.6168 4.46084 6.58088 13.9157 -19.2053 7.50796 -10.7181 
4.77326 0.960416 -3.88463 -9.9171 -6.80723 -12.1425 2.36812 6.67441 4.27617 1.04331 
-5.71221 -2.83368 14.1878 -9.96989 11.449 11.8422 8.82402 7.61823 -15.8063 12.1343 
-11.0109 22.096 7.74922 6.93255 13.3184 -2.5454 13.7211 -15.7715 -22.8617 -11.4558 
4.7344 1.75941 -2.87295 -16.3882 -4.44795 12.1454 4.49995 3.92195 17.3233 10.4636 
0.328516 10.0974 1.41303 23.7777 -10.4656 -0.481256 5.36818 17.4594 -5.94837 4.5832 
-4.71723 -9.30616 -18.8485 -6.57452 6.30328 3.80407 7.68574 -4.65576 3.19691 -2.84638 
8.03358 -16.3247 -6.98911 -1.56082 9.21155 14.9075 -8.00163 -3.79877 -5.36775 -5.20101 
-7.76768 4.65677 3.51258 2.73438 5.51538 -16.7587 7.86291 4.60455 6.79304 -1.21618 
10.1221 1.15027 0.55724 -5.4277 17.3731 10.657 11.8339 -6.70998 13.342 13.9824 
5.21585 -4.00783 2.37227 -5.60697 -4.18995 -0.74066 -1.81882 -15.9077 -3.54418 -4.09407 
3.29749 -5.94175 0.845937 4.32393 -2.22986 0.00184587 -6.40893 6.04588 10.0081 -6.15086 
-8.45166 8.51836 0.491247 -12.6358 -15.8615 7.54226 5.48958 -4.65197 1.08164 -1.26414 
9.36583 -10.0363 3.10954 17.7336 -12.6256 2.91743 0.178201 -4.0711 10.9095 -10.2888 
-2.86342 -3.94629 -10.7277 -2.19865 -8.35526 -8.73989 -16.1604 8.91233 -1.18417 -12.673 
8.9764 -7.34944 -15.4102 -5.28145 -2.60005 6.57457 15.6498 11.797 6.38311 0.653526 
13.1718 -4.58311 -6.06307 -11.091 -2.01912 4.76087 11.283 0.814825 12.6797 -19.9369 
10.1581 5.83563 -8.61517 -1.50621 -3.48149 2.9592 15.7961 2.11515 -2.49972 6.30242 
-28.834 -10.0866 -9.10927 5.179 -6.56285 -6.8555 12.7037 1.92787 -5.38 8.96408 
-2.80339 15.0323 -6.658 -20.5262 -6.66795 1.42523 -2.09555 1.38871 7.81039 -15.5385 
-4.64141 -3.18468 3.49533 -7.88204 -5.04172 -1.69855 -4.27886 -2.33968 2.20114 -7.76572 
-6.57755 2.02431 -9.05772 27.6785 2.33628 2.07206 -21.086 3.9744 1.79588 -4.67586 
-0.487359 -5.71763 14.3335 -0.206666 -6.48919 5.16716 9.88566 -2.48736 -8.95757 -0.834121 
9.12332 5.14434 6.74795 14.7633 4.02471 -3.0228 -2.78245 -1.52404 -10.9569 -5.63188 
5.51652 -7.01882 5.00385 5.63553 2.45123 -9.53876 9.81331 5.05095 27.2082 -8.47012 
-3.22564 -0.347437 -6.58609 -4.10299 4.28179 -4.08579 -0.536324 10.4907 -13.3572 14.109 
-2.36605 -3.85948 5.30568 3.68367 -5.33359 4.99771 5.84508 8.33416 -0.060939 -7.24253 
-18.9511 7.68138 17.2038 -7.50671 20.5563 -7.18261 -0.209186 3.86179 7.81852 -9.07363 
0.932631 14.5103 -10.4328 -12.3191 8.18321 0.749477 -1.61303 -1.01767 -0.530037 -4.89448 
-3.00803 4.60055 -13.8217 0.705769 -3.22314 -4.06434 12.3862 -13.5544 -6.51561 28.964 
-10.0195 6.4878 7.41712 2.71894 -13.73 -4.7107 -4.42695 12.6453 -11.9661 -13.0633 
3.98235 1.26875 -0.119346 -5.81971 -0.228195 -10.5865 8.37944 -25.8816 3.64779 -19.8119 
-6.67597 -1.08792 -6.80619 -17.1432 -0.326355 -12.9686 -0.877519 9.85289 -5.09346 -15.6263 
2.8321 7.77168 16.9343 -3.61415 1.67366 -5.48423 -0.191037 -11.8551 5.51192 -7.15668 
8.13539 11.314 1.59824 9.85091 -17.2204 -1.37902 -0.138976 -22.9557 3.16698 10.0585 
3.23992 20.9552 -2.39764 2.85651 12.6738 11.0902 -5.23401 16.2176 -13.9886 4.76387 
-0.160983 -1.78182 -6.01671 -21.9597 -10.72 13.1159 -5.54039 -10.0307 14.8166 -9.45854 
2.45594 5.02463 -17.3062 -1.51712 -4.92632 -5.71217 24.2209 -3.6844 -2.23407 -9.52323 
14.4563 -1.16341 9.50194 -20.3748 -5.11591 -2.54574 10.5842 -6.69381 -4.96234 5.86779 
10.6086 4.78951 -0.68104 -4.46079 -3.63018 9.17911 -6.27573 -4.00327 -3.59749 2.41086 
-2.58098 19.2533 -16.2551 7.63167 -5.29758 8.22603 -3.3252 9.90514 9.55628 -5.00249 
5.37918 11.8749 -10.6008 -2.15986 21.6645 11.558 -2.30047 0.674885 7.54925 -4.8488 
12.5024 -4.0241 23.0162 -7.66546 18.4836 3.06132 -36.5361 3.69522 -8.8388 6.5644 
9.4998 -14.8251 13.8406 12.0146 -0.0720321 5.88282 9.59486 -7.85202 8.59146 7.56886 
5.63599 -2.77275 3.23286 -9.21953 -6.73094 2.46945 3.84421 7.52697 13.06 -16.6571 
-4.68908 0.919841 10.6369 -14.0292 -0.193602 -1.2756 0.810688 -12.3769 -5.77932 5.90975 
-0.686584 9.23603 2.17574 -4.14197 6.60849 1.19537 8.49601 -1.39067 8.87013 -0.816888 
12.1627 -3.28539 -8.04863 8.25755 -2.68558 19.951 -15.4897 -10.4472 18.0508 -15.8851 
-11.7969 -3.72045 16.7057 12.1575 5.85704 -2.67279 -2.31832 3.44369 16.8124 -4.55856 
-2.17821 -3.27343 12.9949 -3.00035 10.9599 12.1711 0.413208 -12.1006 -22.9966 14.7279 
-1.72364 -4.62936 11.1327 0.895427 -15.5317 8.78005 -2.97314 -9.82895 -21.144 2.84589 
-12.9884 -1.26482 -9.81266 2.51113 7.80962 2.71137 -3.15017 0.699138 -9.1339 -0.0679478 
-10.0559 -8.16051 7.72869 9.365 -2.09851 14.254 -7.52778 11.3268 8.406 0.956565 
5.83557 -1.64621 -11.9805 9.20417 15.9814 9.60378 -4.19462 1.10712 -9.55522 -3.5622 
-12.416 -16.6682 10.6652 2.47474 -7.87689 -14.3415 -3.91716 -9.13455 -0.189133 11.2366 
-8.05225 1.38523 2.41998 11.404 12.5836 6.28009 -17.1003 -3.11487 2.2098 -1.74979 
-1.47155 -17.8668 0.24632 2.04311 -9.90903 10.6566 -9.39927 -18.3659 -0.0711883 -7.05549 
10.124 12.3537 1.88612 -0.87117 -8.85045 11.5919 -14.1978 -3.39824 1.20289 -5.47601 
13.1077 6.42424 -5.15491 1.02611 -12.5275 11.2884 14.5649 10.2765 -1.26173 -15.5276 
0.69789 3.65569 -10.1386 -4.20078 11.8012 10.5106 -13.3547 13.7721 -14.9747 1.00359 
0.173943 16.4708 17.0045 -7.08399 -2.61791 9.25893 -11.543 -22.7396 -6.48835 -3.70723 
-0.706963 4.29501 -18.2582 -4.94963 11.1496 1.72918 -24.3728 14.5764 2.94916 -6.26044 
13.1243 12.2034 -9.8861 3.02151 24.8753 -4.96255 10.5155 -4.96029 -11.5603 -4.7817 
9.74535 12.9122 -1.06172 -6.33748 -0.666777 4.45798 5.93973 2.8838 10.8489 -2.12304 
2.92374 9.24808 5.36825 3.20896 -3.3555 -12.3078 -9.07791 -15.5824 6.75525 -9.15935 
1.78981 -0.443425 4.13111 3.40643 -1.93372 -20.7251 18.5652 -7.07603 15.3877 -2.0784 
4.44077 -20.6337 10.4077 9.97906 -2.48595 10.9568 0.538745 6.9686 -4.27576 -3.29719 
2.48895 -4.94418 3.81854 -9.05614 4.36698 -3.00385 2.74022 -4.95409 10.5448 -4.65063 
-7.12705 0.406958 6.28925 15.7105 17.9412 -3.26275 3.59626 8.2412 2.3906 17.2442 
3.56586 -0.877989 -15.4493 7.77075 3.36363 3.89745 6.91739 14.8363 5.90701 -3.22241 
14.8302 -1.61216 -7.80619 4.84041 1.18959 -4.38227 -29.0385 -16.7873 -16.2518 -1.88988 
10.0186 5.2612 -4.75522 22.3261 1.9241 -7.38467 -11.8745 1.87796 2.96224 1.0249 
-3.81216 9.96774 -7.20193 -8.63035 -10.4435 -7.84582 8.15591 -7.28948 -3.45567 -0.62489 
-3.03682 -3.63822 -5.22494 -1.77873 -11.3393 6.47704 -21.516 -0.465337 3.14952 2.34695 
-7.44546 -3.86202 -0.644742 13.4674 -10.9214 9.9496 4.47032 3.1049 -23.04 22.4247 
-21.6384 12.7284 1.29321 -5.42598 -10.8808 -9.02494 7.77556 28.6334 -11.625 9.43996 
-1.87704 -10.4833 -28.3929 7.776 -3.75983 14.4239 -8.08331 -4.10241 -3.58988 -8.97486 
5.82853 6.57043 10.6077 -0.0705744 -8.69694 5.82206 -2.89244 -9.68787 3.90102 5.55656 
-14.6645 -4.73293 2.80921 12.142 -15.3407 7.32763 12.7749 18.0015 4.50705 -6.08855 
-5.48821 -0.482624 1.33955 0.18893 0.713271 -4.91298 -2.61254 5.3774 2.20892 2.35604 
-5.59413 -7.59449 -7.30359 -10.1469 21.968 1.32415 9.21679 10.9118 -9.1942 -3.47995 
-0.316866 11.3021 11.1392 9.1511 -11.7161 2.72491 6.65227 9.0024 29.0743 14.7177 
7.93802 -3.33446 8.84212 -3.9906 2.55013 12.8317 -3.6757 14.6402 1.67129 -11.1286 
-2.1823 -1.74594 -15.154 9.40804 22.3552 -7.148 -1.80647 -13.9263 -19.2254 -0.853022 
-0.94943 9.22808 1.77123 -5.12826 9.08266 -11.6164 -6.73811 21.4956 -10.3849 6.65073 
15.2062 11.5083 -7.76508 -3.05135 14.6751 -2.91998 0.0234946 -11.0166 -11.7157 1.96071 
-7.73332 1.06187 -2.21642 9.12916 -9.12044 4.76425 1.16456 -15.3601 9.95613 -0.773627 
14.9658 8.41106 10.8263 -4.31715 -13.8833 -6.41432 7.53142 -6.80345 -17.4124 13.2568 
9.44222 11.8634 1.15549 11.146 7.77687 -6.14972 0.625013 5.41317 -6.36038 14.545 
-2.32646 -6.71449 0.8325 6.92184 -10.7866 22.671 -16.6138 0.0257369 -11.908 -2.95104 
-12.3597 -5.86776 -2.08211 -3.17074 -17.5556 -19.0425 2.17992 -25.3893 -6.40841 -13.4179 
13.1835 -1.45702 3.20728 14.1937 -14.8723 -9.93758 6.26193 -16.3917 0.0274096 -4.33751 
-10.2576 -4.67237 15.4372 7.11158 6.17617 -7.22671 23.7674 3.32014 9.24839 13.9919 
-0.940654 -14.2946 21.8269 -19.0345 11.255 6.75554 -5.25446 -6.52216 14.9894 12.6745 
8.09576 12.6792 10.8278 -5.86732 -4.35494 12.5317 -23.3396 -5.24365 4.23106 -7.71154 
5.52624 8.42095 -11.5404 1.60061 17.4108 -18.5705 -12.3951 -2.96104 -6.32017 7.48604 
-29.1402 21.1409 2.57881 7.67904 -0.765418 4.09255 -7.5487 -0.651015 -2.84123 5.6503 
14.1383 6.21609 12.6228 -10.3763 10.9183 10.8075 12.6939 5.02969 -3.60607 11.1398 
-7.6617 2.30635 17.9643 12.6163 -4.26529 -4.5768 -1.73722 3.996 0.347103 -8.5335 
4.39408 -7.26247 -24.3388 -5.77297 -5.08982 -2.59747 -5.47716 2.06665 0.55216 -15.3501 
-23.2235 -4.83364 17.917 -14.9407 -6.84157 -7.3847 3.6651 11.2349 -14.6513 -6.91203 
-6.01149 4.6438 -1.25641 -4.53949 -2.20325 -13.0836 -12.7692 7.24423 -9.10068 -16.4151 
-3.76162 3.22744 17.6805 -1.91127 8.40846 -1.92743 -12.3187 8.10224 -3.71002 25.4738 
-5.40902 -1.92015 -6.07134 -19.5286 -17.4904 7.1409 14.5503 3.76477 -0.29987 -11.0881 
4.73662 -3.44434 -12.9632 21.2507 17.303 -0.836945 27.1701 -4.23102 10.4407 -1.08238 
-2.37294 -5.37737 -1.67685 -1.93792 2.13868 18.4761 26.9341 13.6276 -1.01048 21.3027 
9.98276 9.77861 5.64169 7.87015 -6.10744 5.23197 5.74952 -8.75112 -6.36404 12.3224 
5.26268 -4.95036 1.18356 10.6863 -17.6397 6.85755 2.58452 2.4865 7.46467 -12.7985 
1.749 -2.64438 7.51126 5.49712 2.07437 19.6608 7.64872 19.3752 2.73604 -5.69564 
4.04953 13.0147 -17.412 15.9412 -16.8517 14.1896 12.5487 -25.3319 -1.04343 -1.40174 
-2.658 13.0953 3.47511 3.98953 0.288859 -25.6938 -16.3048 2.16045 -1.72809 -12.6586 
-8.12034 -6.49349 -8.79465 -0.113793 10.0689 -11.1425 1.55664 -3.92133 1.35404 -17.7207 
10.2113 -6.40704 -7.38557 -1.365 -7.28628 -16.7291 19.6117 15.38 -8.40631 -4.61069 
-9.769 12.0963 7.99226 -1.32647 10.9153 11.1701 -9.24502 6.17505 5.70444 -3.42387 
-7.44973 -7.48342 0.0695642 -15.7334 -3.87261 -3.85206 -8.38906 3.35857 -18.8079 -3.5366 
-2.84783 -2.26955 -9.5311 -14.3329 -5.82098 -30.1082 0.446904 -2.80716 13.8772 11.9873 
11.4898 6.71521 1.36019 -16.5753 -17.5544 -22.8357 5.70158 -0.384878 9.6162 -2.04799 
-4.78376 1.1877 -8.13089 1.74176 1.97718 -9.27476 11.9247 -4.14619 -9.83135 -5.03579 
3.07218 3.71961 9.77546 -0.750592 7.32054 -15.3543 -10.2717 14.4459 13.4286 8.99148 
10.6144 0.543755 -2.72396 -1.83209 14.4078 6.50674 11.4796 -15.6475 -0.212078 -16.1624 
-7.56303 -11.1542 8.13905 15.5416 -5.86531 -9.15785 18.9578 -20.6317 -4.09221 -19.132 
17.93 -3.39468 -5.05067 1.96939 9.38324 5.59142 -7.10283 -2.39653 -7.68885 5.91995 
2.86016 1.24944 -5.75872 17.2531 -0.706721 0.138991 -2.35186 -26.2793 -8.53187 3.51218 
10.4257 5.66047 0.16459 3.05972 -0.550056 9.29068 -4.06836 -7.09416 11.2017 -13.3705 
8.09178 -10.2592 -21.2217 3.23365 16.8733 10.0885 5.16239 2.87433 -2.2544 0.0749779 
-18.8882 25.6328 12.8508 -18.9832 -11.4064 16.5601 18.2652 8.72486 -9.74411 19.771 
-4.84515 4.50724 11.9654 2.92988 -8.10814 -16.2864 18.2877 0.670851 -1.76122 -2.07765 
13.0839 -4.79652 -1.66517 17.9362 0.525925 5.55133 -24.4641 4.88677 -5.00729 5.63526 
-1.85996 4.59388 7.48705 11.461 -11.4553 -10.4631 -1.68177 -0.913871 -5.66512 14.6559 
7.61701 -3.09184 9.31727 -15.3541 31.3699 -21.0686 9.98003 3.4545 -13.6815 2.76191 
-7.86353 -4.22838 -3.95672 7.09566 14.8673 -18.3167 -14.073 -3.79735 17.12 1.5072 
13.3671 7.13437 1.8452 -8.3773 10.2448 -1.09082 -2.87721 2.60667 -19.9155 -1.30731 
-5.79341 -17.9337 7.96221 15.5031 -3.29644 28.1254 19.9862 3.1976 -3.6672 -3.59998 
-19.3103 6.76981 4.00056 -5.18565 -4.18567 9.10856 10.2314 3.18861 -3.60596 -5.02534 
-3.36297 7.71115 16.568 3.17216 5.80865 -11.4413 -4.34565 -15.6841 -1.28756 -0.290145 
26.5553 -0.677799 -19.9789 15.7727 7.07338 -6.38638 2.57513 4.7518 6.79418 0.651363 
700 10
16.2911 -2.09741 -8.01425 -18.1049 -5.03277 -5.79819 -15.6538 1.51654 -1.4858 4.21689 
-6.23627 -1.07784 -3.58805 -10.9423 -7.27555 -1.72401 2.17307 -5.97253 -11.3516 -17.7048 
-6.59711 1.47079 16.1122 -8.40793 -9.11037 1.96291 -2.08664 6.99179 19.0447 -24.1401 
-4.45903 3.14149 18.7624 6.67886 24.3912 4.40549 -4.02322 9.29558 -4.1777 11.7818 
-21.249 17.486 5.92029 7.01484 8.72489 7.62568 -10.9837 19.1542 0.924505 10.9564 
-2.29378 2.65922 24.5208 9.71685 3.16635 10.0836 0.12409 -24.3581 -2.84273 -0.498098 
-5.44277 0.0649515 -6.3568 8.07811 9.15788 11.4447 5.09768 3.68654 7.94418 1.193 
-2.07255 2.90441 -20.4917 -3.57733 -4.05973 4.72555 9.01989 -9.98042 6.55037 15.1149 
-0.982656 2.26014 6.60397 1.02274 9.56189 6.84787 0.206171 4.62461 12.2327 5.90488 
-0.726197 8.95321 4.71113 -6.65587 -6.1757 -12.4937 11.1594 3.04644 19.3402 -3.32281 
-5.05685 -21.3882 14.5408 7.43916 3.36809 -6.5956 -14.7748 -6.35474 -3.34368 4.9617 
3.93062 -26.4034 -6.94202 -8.99535 -1.39742 -2.56768 -16.2184 -4.56287 -5.57295 21.2725 
1.15647 -2.78342 -5.53384 12.0049 -16.8804 1.68768 7.03415 10.9086 0.826331 -12.2868 
6.93475 -2.98445 -10.5277 18.1972 -0.667456 -4.65102 2.98333 -10.6517 -2.76279 9.43676 
-19.1028 -1.09999 8.27528 -4.73277 1.10602 5.63233 -1.5164 23.474 9.07624 7.87003 
-14.0571 2.16977 6.08508 9.43425 1.3883 3.75575 2.67485 -2.23953 -3.97941 -22.6909 
-4.13636 6.62388 0.332522 0.959868 9.955 0.462632 1.16971 1.97864 7.96202 6.32759 
-3.10024 4.09118 -8.33634 19.3121 -3.37854 -3.61507 1.61906 -6.10076 -10.9116 3.04955 
-6.68023 -3.88236 12.7634 -0.066707 11.3453 3.6563 11.2857 -23.7588 -0.508739 2.10044 
9.64046 -0.830547 -2.82551 7.51938 3.88331 -5.49543 -8.26388 17.3959 -4.11539 1.62751 
-9.51059 4.09504 -8.71485 -0.786706 15.5275 14.0785 -12.3806 22.4241 7.31272 1.16757 
6.57098 3.22682 9.38546 -8.52896 -1.72801 3.45124 -19.1078 5.60666 2.86594 -4.20713 
18.3765 16.8528 7.88142 -0.291034 3.48092 -11.1335 1.6211 10.9057 11.7223 7.15497 
-4.86797 -3.41784 3.49225 5.41788 2.88347 -1.04278 -1.8368 -2.14898 1.29215 1.33464 
5.8 17.5279 10.4607 2.81349 13.2289 -16.5256 15.8466 -0.265505 -9.48873 3.01771 
2.51457 15.1716 -15.1022 1.67661 2.15821 2.65975 12.6632 -12.7162 4.02382 -5.29082 
2.45475 14.1395 -0.105847 6.75811 2.82241 -11.5648 3.4074 -8.51565 18.6261 -2.23242 
9.24436 -1.08689 3.6481 1.98999 5.86156 -7.97083 12.4323 9.80993 4.77562 4.32512 
22.853 -8.05226 -4.06198 8.25436 4.14458 5.06466 1.54838 -7.90515 -4.12538 -14.7789 
11.0811 -10.3144 4.19134 19.3665 -3.07059 -8.13839 11.4883 9.34079 0.743532 5.95691 
-16.7152 6.15397 -8.21548 11.3484 0.956969 0.950134 22.6848 4.53382 -20.4201 9.2777 
-6.45469 4.42339 -12.1798 -3.37295 9.88951 -6.80825 -11.5968 -11.6104 2.49151 -0.78803 
2.63864 -3.2668 2.99103 -0.774104 2.32651 9.44039 3.11659 -8.24273 1.15914 -11.8879 
6.5072 -23.412 -1.37332 -13.5366 -11.8007 18.8537 -3.52081 -3.26845 -1.18022 -1.39654 
-10.4654 -10.2569 9.46075 19.3401 11.023 -18.8518 -9.57881 0.39492 8.69377 12.2617 
11.2183 -7.34609 5.41918 3.16136 -0.98881 -9.88042 -0.319344 8.24907 5.88191 0.195653 
-15.6925 8.73216 7.44165 -10.5119 -0.122728 -23.4986 13.3604 -12.4386 -0.227316 2.22811 
15.632 -6.41498 -1.45014 -4.71649 14.9273 -17.2562 6.55415 -5.75846 22.0796 10.3693 
8.01412 7.49948 -1.20274 -0.0718723 4.36487 -5.26342 13.7364 7.96212 4.00369 -19.0217 
3.09502 -2.05708 -6.8751 -2.01859 2.65541 4.47829 -1.15279 4.15423 -3.31369 9.6698 
-12.5227 4.19324 -11.1623 9.51739 -0.591555 -15.7464 -1.76904 -1.1199 -2.96466 -10.0394 
8.51917 0.00247018 14.562 -11.4168 0.492273 -30.7675 -3.01868 -1.30769 -1.99828 -4.91334 
13.2568 1.59085 10.9079 0.0814707 -13.0799 1.76712 12.1754 -3.49166 -8.82585 7.33926 
-11.3368 -16.0386 -12.8552 -12.6749 0.206629 -13.4636 1.45823 -2.99438 -19.4627 11.6148 
-6.45618 -6.07093 -5.96045 -11.8726 -5.1918 11.8249 8.11176 4.36515 -12.293 -3.48732 
-22.7643 -4.41876 -7.15248 -4.64258 -13.4985 -2.72103 11.6124 11.9954 14.9597 -0.436947 
3.88549 -6.76402 -1.14471 15.954 2.83979 -11.0994 -2.86782 -15.5516 -6.59169 2.99202 
14.2922 5.99687 11.7482 2.82756 13.8606 -1.86526 -3.02897 0.418004 -4.71621 -0.393467 
-3.69013 9.95964 -0.490436 -4.63967 -1.37213 -9.90429 8.80012 -11.3412 1.46776 6.84317 
-2.62026 3.98293 1.72875 -0.150575 8.12038 1.69162 -7.54463 -10.1553 -5.91593 9.11465 
-14.2371 18.3638 17.7856 16.9854 7.20032 -5.19823 0.158659 16.2408 -0.728558 15.3732 
-21.1178 -9.62349 -5.33437 -5.1147 2.74411 9.36695 -15.0657 4.13361 5.0803 11.3873 
5.22901 -15.6007 8.91733 -15.6144 -2.23397 -18.4127 -1.38033 8.54345 -0.900606 -1.31244 
-13.2606 5.76115 2.01111 -7.1159 1.72629 -14.6822 11.3759 -0.481754 -0.0508748 -8.16153 
-4.59788 4.06832 11.3196 15.2014 -2.25518 2.61212 -4.6073 6.68629 -3.55135 -8.16126 
-0.0843597 5.45449 8.15499 -11.7687 -12.7202 -1.27379 0.496209 -9.82336 -11.9077 -21.101 
-12.3246 6.61744 7.57641 -2.19 -6.1825 25.7824 8.50717 14.5436 -2.46282 14.0347 
-1.89433 2.24171 -2.28332 0.212584 0.377476 -1.8178 -19.5579 17.1289 12.0332 8.16999 
13.2048 6.69228 12.3121 -11.4386 10.7104 -7.30788 11.9665 4.97033 -22.3767 29.4338 
-2.56356 17.8328 0.786594 6.36876 -9.20055 8.95563 9.82254 -4.37078 -6.72431 2.84276 
15.3177 13.6786 8.36979 -9.04812 -3.00567 -14.5803 11.1114 0.39628 3.89805 5.82955 
-5.86573 -13.1094 -2.64311 10.7145 5.76024 7.90008 -6.26334 -1.52148 -10.8813 8.87791 
6.09198 7.22173 7.72423 13.9801 0.928761 -4.66009 10.1976 2.07825 13.8671 -3.99875 
-5.82547 5.54293 20.0169 2.78907 -27.698 -18.1479 14.6463 1.94239 -12.5207 -15.8029 
9.57973 -12.7857 8.36234 12.4488 2.17156 -3.43769 -5.04555 -11.0369 -1.471 -8.30118 
2.27634 10.2389 1.8709 13.337 -11.8168 -3.50415 -8.23247 -4.89047 23.1796 -14.0933 
0.0240156 4.32374 7.77097 6.8329 -6.99689 8.67205 -5.1812 -11.0669 -7.72305 3.44171 
-7.57106 0.232508 -7.28473 -2.16428 -1.49747 7.00537 -0.488096 -7.55699 -12.6196 -10.6359 
-9.65952 -7.14861 1.13034 -0.0362645 -0.870616 -0.0688714 3.05635 7.8833 8.54472 -11.3454 
14.0944 7.52904 2.40151 0.576326 -10.7012 5.69632 -19.0966 17.0348 3.50121 2.79556 
-4.83517 6.79324 16.9551 -13.8809 1.87148 -13.2436 -28.8641 -16.3344 5.40359 -8.95776 
-8.47931 -2.77194 3.54763 14.7925 12.4285 4.03123 11.1772 8.74339 3.56896 11.2294 
-9.48224 -1.01811 -6.77241 9.82896 16.2486 -0.738305 -19.1418 -4.77068 -3.82167 -5.44187 
-7.47111 18.9919 -7.40192 15.5763 13.6454 -10.3736 -9.35279 -13.5072 -7.36356 -16.8005 
8.07917 -4.9157 -7.90168 3.61753 -11.6222 4.74639 -1.01311 -6.20735 5.53367 2.53194 
3.88011 12.7793 18.2054 17.0266 4.47205 8.00975 1.78962 1.84441 14.7362 9.42024 
16.7616 -7.43076 -13.5464 12.2127 3.86163 10.0378 -18.9118 -10.7254 6.30328 2.18948 
1.59742 1.82157 -3.58885 8.28793 24.8328 21.9584 -7.19422 9.15591 -4.61917 10.358 
3.51234 -14.1201 3.0947 6.10521 -2.63422 12.9685 0.494752 -5.9109 3.52262 15.6212 
-8.14142 -4.04202 -21.03 6.27513 10.8647 13.9528 15.9039 6.25469 -12.4527 8.35399 
-6.97523 10.5714 -7.65244 -1.92724 -5.36687 18.8531 15.3376 -5.54537 3.14264 -4.67401 
-2.8603 14.8405 -6.40515 -15.4862 -2.69232 -1.06877 -12.0332 17.1439 -24.6916 5.08691 
1.16441 -10.5115 -21.624 1.42557 -9.62598 9.85385 5.70782 -4.17108 2.20339 -1.70452 
-4.6395 -14.5002 -11.7578 3.21053 3.4643 -3.74123 -11.7128 7.1442 10.4777 -19.1459 
15.8726 13.8946 5.67902 -2.19986 -7.4706 -11.2646 -5.93482 3.84908 -11.1811 -16.0549 
3.18135 -0.387103 11.111 -7.79493 9.5154 -1.05582 -3.22061 -1.13079 5.55018 -5.86415 
10.4227 13.4511 7.55012 4.4117 -18.3965 -4.94021 6.25806 16.8325 -8.13538 12.9636 
8.80741 -15.3246 6.32044 -4.40848 -12.1746 18.9415 -18.8063 7.48622 7.13539 1.66875 
14.0663 -2.91038 -15.3212 9.75755 -8.38668 2.19592 3.64693 8.36934 6.49997 -2.84709 
-6.84293 -1.16042 -10.1288 7.15912 2.60562 6.41715 -25.0266 -12.4699 -19.6792 -9.08474 
11.4686 11.9102 32.7707 -4.66813 -0.198164 12.1658 -9.10455 15.2796 -1.11262 8.97655 
-1.34855 10.6337 -14.5452 4.14239 -8.85355 6.12829 16.5654 15.3212 -11.0923 2.6257 
3.9511 4.54275 6.80208 -13.7493 9.89983 12.8316 -5.73516 -8.41935 10.1268 -4.63139 
-8.18536 15.4472 -9.18602 17.8148 -14.0818 1.85761 -2.47948 -17.3078 2.14926 -12.2395 
11.2251 3.0809 -18.5538 -8.96494 15.5803 6.92288 2.5589 -12.9972 -7.36732 4.0087 
14.8877 -22.3691 13.0561 -12.051 -1.56545 7.78609 -14.8923 -20.7942 9.84276 12.0776 
0.0340901 -10.5687 1.14683 1.62895 -14.2604 7.1459 -5.93377 7.20919 2.94786 -4.75633 
-11.8673 19.5684 4.43071 -18.8063 7.7342 -8.87002 -12.5573 4.18982 4.77586 -5.76013 
-19.5439 12.0031 20.3416 9.88402 13.3007 6.90377 10.0214 -21.9393 1.70815 -13.3303 
1.2683 3.53551 2.47885 4.91106 9.76128 15.546 3.98854 -15.8116 -6.06275 5.90206 
-13.8466 -6.58693 -11.6088 28.7239 -10.2965 -2.10186 -1.21178 -23.9469 8.43107 -4.90039 
-9.96435 9.25319 -13.2856 5.18939 -0.0966337 -0.0077365 -14.3727 -14.2841 13.5251 13.0219 
-7.64434 8.77323 -6.5633 6.97784 27.8661 -1.63802 7.13488 0.546953 6.46516 -16.3105 
-9.89681 -3.78327 -2.12069 10.0292 -10.3244 9.67486 -7.96147 12.8749 2.22176 1.23789 
-3.79383 -8.90523 5.52099 -24.9678 -8.24162 -17.3879 -0.128477 -14.2616 3.67266 6.04303 
-14.7601 4.38948 10.26 -2.1047 20.0891 6.57934 -1.92355 7.26221 11.7618 2.98358 
-4.41944 12.0427 -11.0075 -12.2294 -1.8864 -7.43354 13.5672 4.74285 1.06394 12.7101 
5.86356 -5.43619 22.5188 5.09309 9.14869 -0.440071 -0.0122152 3.12423 6.75762 5.03088 
-1.56308 -3.20862 15.3634 2.65635 7.71927 0.600167 4.35925 6.12261 -6.93663 -5.62726 
-3.59018 26.1347 -2.21885 12.401 1.92486 13.7371 12.1102 4.74924 5.42662 7.38187 
3.87078 19.7632 -0.646818 -9.31639 10.9339 6.58495 -11.8688 20.2976 -11.8412 7.60886 
21.2848 23.8373 16.3674 7.61454 1.87658 3.9977 4.03451 12.3806 6.40365 19.5325 
-7.75649 -1.11536 -9.50817 12.7558 -2.45662 -3.58906 -0.120536 -5.53457 7.7311 2.80267 
3.42573 -5.04907 -1.51642 -0.99608 -9.66775 -2.03492 -9.81298 -5.06777 14.9612 14.3683 
-5.31446 5.79565 20.5636 1.56705 -15.3165 -26.0586 -0.347005 -12.0848 1.08282 14.6994 
-12.1035 0.450951 2.23627 9.17751 -11.6585 -10.9163 4.74407 2.54828 -16.0649 9.89995 
-8.12402 12.2012 6.17143 0.555777 15.4184 3.2739 -8.91827 14.1068 8.18601 -10.058 
10.5096 1.25151 -12.6036 -8.52209 -13.8413 -0.136042 14.8005 -12.5039 -19.382 8.43893 
-2.61118 7.2566 12.3929 6.01581 1.57593 13.5149 4.88607 -1.26793 -0.150668 18.1613 
0.204686 -8.93219 -7.53724 -13.3325 -8.8528 5.05398 -5.90094 -2.039 4.75891 -0.810483 
-14.3274 4.06277 -10.9699 6.04026 -2.07142 -2.05448 7.32105 -0.809934 10.7781 6.76545 
8.91816 1.65728 0.752734 1.45739 1.52466 15.2141 10.1058 4.87545 -14.2262 -11.0941 
3.50006 2.18093 -1.12839 -10.0561 -10.6866 -8.45467 -11.3599 -13.5428 2.24196 -0.742294 
-8.11778 4.99108 -12.0745 -3.79505 3.63802 1.49754 -7.70234 -0.785261 -5.37962 -25.0161 
12.3046 31.9933 -9.56786 -9.8143 5.00876 11.347 -1.03038 5.5411 -12.0365 11.2417 
-2.82049 -12.4298 12.0714 -0.285226 -5.4657 -9.49063 3.1581 -0.925449 -2.6619 9.83486 
-0.71013 -8.87 -5.11861 -11.6587 -14.956 -1.88335 7.40729 -2.47729 -3.83782 -0.961891 
-13.6743 20.4095 7.06421 12.0494 -20.6786 0.338629 -4.80886 17.1405 -9.01046 6.69578 
-3.91978 22.9972 5.34323 12.7163 -9.05847 7.16757 19.9783 9.30304 1.95123 1.94655 
20.4049 14.3079 -8.80119 -11.212 0.906737 4.81481 4.41463 -5.80103 10.5902 5.15688 
5.28941 -8.57601 9.18681 3.67068 12.0189 2.20577 7.79784 -9.78875 1.19246 -7.02177 
-11.4014 -0.443571 -13.1169 -12.0748 1.54624 4.42105 9.70124 0.285801 9.8239 7.13285 
3.68531 8.92447 -17.3968 2.99762 -5.07177 -8.68199 -0.433284 6.97654 -5.30797 13.1249 
-3.18739 4.11938 13.8247 -7.08257 -6.08957 22.8889 8.65167 5.11037 4.25921 6.73683 
7.47567 -5.38512 9.94475 -7.34235 -0.663239 3.21095 -3.21748 -8.7252 -9.80862 8.36013 
0.77912 2.01574 -3.67367 -7.71109 -8.43584 2.36226 -6.09197 6.01687 12.4029 2.37025 
6.0134 2.40515 -1.47814 5.06252 12.6901 -10.4879 9.25775 -4.3557 -14.7558 -11.6314 
-5.87252 6.77789 4.03703 15.7163 -0.135879 -4.42493 -13.5275 15.4979 -11.8455 8.25447 
-11.7695 0.315435 -5.81169 12.049 6.77624 6.89949 -29.6544 -10.7344 -7.86341 11.2613 
-17.8614 -4.4099 -19.6758 -9.66151 10.2622 -6.65996 -29.469 -18.2222 9.69427 -3.3232 
-7.19148 -15.6936 -4.43065 1.15581 15.5771 28.1359 8.2655 -11.3363 -3.81643 -12.577 
-4.06976 6.93626 6.55908 -0.974287 -7.03887 -5.40626 -5.9231 -12.5781 -7.01779 6.15511 
1.30133 13.3777 0.601498 -6.05447 21.864 11.7699 -5.83405 9.65715 14.9581 11.842 
7.94644 -3.22568 5.627 -1.34675 -3.60537 1.62193 -3.05916 -6.24813 -3.15292 5.58579 
-6.08694 -5.39958 -2.28357 -19.1244 -10.5357 33.2285 8.53776 -2.68715 -11.072 8.48781 
-8.71058 3.35737 27.7362 1.54646 7.78281 4.46071 -15.3209 7.66283 -6.29606 -19.5722 
2.1309 4.15387 9.45464 -23.4256 17.6713 6.07723 2.21841 -10.3507 -12.7111 7.09681 
-6.5554 -15.4366 -0.465548 -3.0229 4.95377 -2.84305 7.04747 -15.402 -4.69465 6.66248 
8.91887 9.15877 -8.5283 3.53516 -14.7943 -3.19026 -22.539 -12.407 0.755479 15.0375 
10.1395 -0.893786 -15.5342 6.56054 -10.0578 -10.7308 -9.60388 6.56537 0.742005 -20.2526 
5.13993 -13.0828 1.81856 2.76408 -11.4947 2.38353 18.8064 -8.18826 -13.3044 -2.85928 
12.179 4.28715 16.7181 -3.16186 -11.0136 -5.45003 14.0871 -8.3919 0.792561 -2.41526 
18.3435 -18.4966 -9.87599 3.21492 -4.95711 0.568209 -2.58758 -1.26253 -4.80375 -5.8735 
2.49744 2.25061 -6.93444 -11.3262 12.5411 2.88032 7.49628 5.21547 -2.92426 -13.8 
7.83353 -9.71984 -7.2528 5.00019 5.8583 -2.5566 -8.32481 4.73038 29.137 -1.56424 
12.6473 -20.3786 6.89203 3.10921 -5.62267 -7.23213 18.095 -5.82132 -16.1078 1.86199 
11.2815 1.42599 -18.2267 -6.81749 6.02817 18.0711 -4.2775 -20.7742 11.9009 -3.63579 
-3.04653 -19.2235 0.391531 -8.50958 -13.4857 10.9185 7.9737 12.1529 -8.6936 4.95045 
-1.03561 1.38935 15.4825 9.48993 -10.3054 -6.67628 22.0579 -0.53298 2.74328 -4.56153 
-8.79823 3.52587 0.509099 0.819451 -8.42833 -7.29626 -2.56797 -23.3896 -12.755 -1.43602 
15.8391 -13.1618 13.5907 -13.0025 6.36164 -0.779874 -1.19947 -6.01961 1.82554 -10.3241 
8.89703 -13.6166 -16.1402 -4.72853 8.33701 -13.4258 -10.2422 3.09716 7.77914 -7.32581 
-2.78438 4.30697 -0.302594 6.0352 -8.7086 0.654846 -11.5307 18.0348 14.4297 -6.77372 
7.4983 13.0534 0.955455 -7.8749 -10.0702 -1.40783 7.82317 -2.78336 2.3696 -1.17331 
11.6787 6.16272 0.811876 -15.1074 -16.8762 -6.8727 -7.86882 11.0808 -9.35118 17.8534 
5.33636 21.6336 14.822 8.11092 -7.24562 -0.181052 22.579 0.708887 -0.56626 -10.3185 
-5.38103 -0.265952 14.3213 -0.296219 -9.61107 18.3304 -8.19102 -10.3766 -7.98123 -0.173008 
-4.34961 -10.5524 -14.8404 1.42744 11.24 -3.18985 21.2522 -2.71 -14.921 10.0186 
0.188882 -12.5934 1.29973 6.14907 4.9219 -4.48743 2.40781 6.86985 1.75495 -8.94919 
-0.0861453 18.7864 -11.2774 13.3136 4.29126 7.02703 3.03091 12.6587 4.936 6.35586 
-5.00514 10.6723 -3.34444 1.57931 23.0879 -9.9293 -8.04013 22.7009 14.8353 -5.1694 
-2.69418 -14.8631 12.1886 -8.9666 -4.116 -1.26935 4.2474 13.9585 -14.1507 6.54423 
10.3301 2.65863 16.2013 -7.02522 4.04411 -9.73249 -1.90515 -10.6824 -9.13884 18.0689 
-8.59389 -10.3558 1.51071 -1.84105 4.21766 -7.87205 -0.806198 -21.5412 -3.14194 4.05858 
1.4541 3.38293 0.928847 -4.07372 2.73812 3.05287 -7.06714 -4.84381 23.4891 7.11941 
1.86472 -10.9745 15.2504 11.386 -1.16727 -5.30013 -13.6453 -4.0937 7.49287 2.90893 
0.636701 10.9914 -2.38075 -7.30017 8.92054 8.35899 6.65207 -11.2624 2.75625 8.00057 
-5.59281 3.7507 -15.0457 12.6275 -4.2557 -1.69255 -0.479751 4.61945 -0.0096808 0.36783 
11.0039 8.3777 -3.33735 -0.0398189 -6.84347 5.24187 -1.52124 -0.384016 -21.3137 -3.55042 
-18.5462 -2.56399 2.44985 21.9048 -6.02617 -8.41272 -10.6631 16.2262 -8.32137 0.914927 
-6.16619 -2.31037 -8.96883 11.9995 -5.66737 -0.561439 -11.3933 19.1979 -7.85213 9.23167 
-5.08071 2.38335 0.508679 -5.32012 -20.6793 -8.50039 9.34198 -6.08315 3.82836 -7.80663 
-29.7576 -4.28346 -7.88047 -6.59017 -4.98508 -0.809357 0.69761 1.32165 16.0124 -5.12477 
-1.88553 7.97416 -8.89938 19.3355 4.50325 4.15121 -5.41065 11.4127 1.10653 6.68009 
-11.3434 2.01163 -4.06987 1.35323 -0.653338 4.58435 5.95666 4.38995 0.572621 -13.2599 
-4.81626 4.49253 9.43451 17.2082 18.235 -14.2987 -5.2081 -11.8204 -16.983 -9.30826 
-3.11103 14.5848 1.73303 1.04812 9.53592 12.6143 -2.35762 11.6579 -2.28812 -0.939332 
-2.82618 9.96071 -6.06108 13.4014 -21.3338 3.69187 -12.044 3.76412 -5.41936 6.93542 
-8.74201 -5.51793 19.8934 3.14706 -2.18179 -6.86951 7.58075 0.246721 -5.50161 -14.3056 
-2.94776 7.60831 -2.92822 -4.96949 -6.94619 5.12147 5.4685 -2.38131 -16.2007 11.3326 
6.25219 -15.4874 7.59578 -1.84011 2.24124 11.5777 -4.45711 5.65835 -14.1769 -7.48808 
6.16698 4.86125 -4.16582 18.4491 0.526998 9.35768 -0.260175 -3.77933 0.066777 1.74641 
1.95412 19.2352 6.60913 17.8475 14.532 2.17056 0.134443 -0.770245 -3.96079 10.0411 
-9.83988 -10.058 7.00368 3.69247 -16.2502 5.21219 -4.6199 18.0074 13.9087 -2.65137 
4.58522 5.32498 9.70999 -9.01893 2.73629 -7.18327 6.49031 11.0886 -5.47863 12.9993 
-24.7364 -2.10257 -2.89199 11.7747 -11.2719 0.687804 -3.13421 -27.0746 -7.10507 6.15949 
-12.209 -0.837234 -9.88249 6.00303 6.29972 -1.15336 19.3605 2.2124 7.1706 0.850462 
19.0681 -1.52718 -3.63749 -0.966057 1.42974 6.98551 -16.8824 1.549 -5.29414 -2.37511 
10.2432 -15.5001 -33.7758 3.88381 -15.8004 -5.25008 4.07023 -15.3502 11.8839 -3.48255 
-2.9596 3.32466 11.3311 -7.4963 -7.35738 -0.605045 2.85664 11.2998 23.8438 2.00537 
-13.9026 12.36 -1.90909 -15.2267 -8.31413 -2.95141 -0.331443 -0.592177 -1.44732 -12.5696 
2.6936 -4.80208 -12.8375 -0.991572 -5.31632 -1.81553 -6.84751 -6.55267 10.6914 3.03251 
-0.621903 12.9749 -13.013 -15.0996 -1.55161 -12.6452 -12.6778 7.93586 -4.0383 -4.98603 
7.9825 10.9745 -18.7538 4.55508 2.14245 -8.41419 -6.90212 22.205 -5.25404 -0.373191 
4.41732 5.50782 7.84401 4.69727 -5.03115 -0.525832 4.76237 -21.0877 6.82845 -15.0665 
-2.9645 3.09358 -4.98212 -1.08338 6.02711 9.26906 -1.26002 -14.7822 -8.78333 16.7029 
-1.77078 10.2405 -5.20608 -3.46741 -17.6496 10.6283 1.34436 24.5586 -1.81635 0.882225 
-5.83852 12.7348 -14.2397 -7.20074 -15.2451 0.974394 3.47627 -4.43731 -11.8066 -1.33888 
15.674 -1.98379 2.47057 -5.28414 0.487897 16.8447 -9.78306 -6.95432 -0.157939 3.86448 
15.8094 -25.9493 -12.873 0.681551 -9.43751 11.2129 4.38454 -5.79363 13.5826 -7.81253 
8.40856 -13.7751 -3.61151 4.7024 -9.80249 -1.44476 -14.0474 -19.5348 1.13816 -19.8229 
0.81591 15.9314 8.13069 11.9483 26.5172 4.77033 -1.02404 2.37296 -5.5324 0.277088 
16.1515 -9.12697 16.1714 -0.35596 -22.1463 -16.248 -11.922 2.60629 1.45345 19.6975 
21.7208 -9.46532 5.53262 17.4374 -1.85523 -13.4666 5.22559 -9.58755 -1.13026 -1.5005 
1.49639 0.292516 8.46734 6.72048 4.40391 4.68854 -4.43451 -22.8636 -9.33989 -4.41413 
-6.66882 -3.04227 2.3598 -6.5967 11.2014 6.74243 15.713 4.01677 -0.401177 3.80366 
-4.57185 17.6384 -20.0684 25.3179 5.42748 -8.17545 7.13715 -6.45151 2.13645 10.2684 
5.22552 -1.6499 -12.4297 -4.74183 -13.5685 10.781 -5.81397 -3.27927 -1.90257 -10.3195 
-3.32073 -1.5945 14.5433 -29.8487 -8.59759 -10.3872 8.91146 -2.96197 -18.5541 -6.61946 
-9.29179 -0.117694 -6.69038 -22.7577 -1.92938 2.43902 3.67316 -2.34566 13.4754 8.5773 
8.06371 0.461559 -14.5986 -2.32626 -11.9767 3.45491 -6.18031 -2.45492 1.30116 11.1491 
2.52086 2.21117 -11.3478 -2.15919 -4.01453 6.39546 -13.8419 -18.4728 -2.90788 -19.065 
-0.509038 -2.79457 5.38262 1.18765 -7.09196 6.81108 7.85531 -11.8114 -11.4056 1.37129 
1.78258 -1.17783 -3.32323 -12.1316 12.3781 4.41631 -7.06416 2.88178 13.3374 -2.99926 
-4.39656 -18.8502 -12.8966 15.9832 -0.117085 15.4474 10.0964 -8.83894 -9.61722 14.9474 
13.2343 13.9439 15.0243 -19.9913 2.99369 -1.38895 18.1932 -5.6095 -1.46896 -11.2024 
6.72188 19.124 -1.11689 0.976363 -12.8041 6.27437 -4.54945 13.2666 -23.3653 -16.3835 
6.42431 2.09083 11.7207 -1.12757 -14.2619 -16.1897 -1.83638 6.96017 3.85301 -7.51722 
-1.04911 -4.07336 -6.43958 3.52812 -2.12277 -15.0939 5.76263 -5.35397 4.69191 -0.203627 
-8.68168 -14.3139 9.84749 8.58158 -3.45394 25.0576 -4.69216 1.08715 1.13045 17.0238 
24.2014 -0.100039 -4.6427 2.90615 9.09866 4.36971 -9.83239 -7.95631 8.51726 1.97194 
-13.0519 -5.425 2.25175 -2.83022 -10.868 18.3613 -4.67335 -8.85828 -17.226 -0.0106968 
-5.83675 5.30112 0.570855 8.08548 3.13069 0.56122 8.48809 -1.00639 -5.66754 -7.05962 
8.33922 4.74089 -12.9717 -10.2016 8.35127 22.834 3.44186 -5.76945 10.2718 4.8191 
23.0664 15.6447 -10.0648 -22.9647 5.51149 5.27224 24.156 -14.8599 -0.837817 12.1035 
-9.7475 -0.416441 13.2521 -0.528863 -7.13381 -0.311643 16.9401 6.05027 7.23341 8.97663 
4.21752 13.781 -6.33163 -2.77183 0.021237 -9.38909 1.16725 -0.317512 -9.72144 -8.67029 
11.8368 17.0267 -0.63584 -10.1291 0.0828721 -7.35383 4.83076 5.88938 -12.7967 11.1941 
1.07641 -2.62703 -10.7409 -6.49265 -0.713715 18.2375 9.83552 8.0845 -13.8923 29.5596 
8.12249 -5.38386 11.8235 -15.3213 -1.27547 15.8714 8.02453 -4.4273 -2.09995 5.85687 
-0.573608 -2.05694 5.81151 18.6997 2.05319 1.56039 9.70456 6.2475 9.33158 -2.49987 
14.1516 -14.6481 -5.09029 1.14664 1.86712 -19.5294 -3.02101 0.979048 -2.41977 9.05282 
23.4739 3.09425 7.39872 13.268 -9.67696 -1.3591 -21.0255 -3.73855 12.5579 7.03272 
-16.118 -16.6419 0.645872 -5.76766 8.15963 -13.7846 21.7723 3.57232 -5.46015 24.371 
-3.60735 -6.54032 6.42437 -2.03084 -21.1388 4.72144 -2.76977 -0.498959 -3.57913 2.49821 
11.331 -5.6045 7.02973 -2.46173 -4.81005 -15.484 -0.57159 -6.7576 1.85742 3.04701 
-6.57276 1.62436 -0.603313 -17.9027 3.8569 -8.94854 17.579 -0.666112 22.0516 -12.2836 
12.8387 20.3472 -2.41276 3.81492 -9.18684 -2.53833 -6.38309 10.8547 -2.74663 7.18675 
-2.98677 -0.462348 6.92609 14.6546 -14.7169 7.36284 3.22517 9.39746 14.5175 -1.78744 
-13.6278 13.3517 -4.07162 0.749849 -15.467 15.3385 4.04535 12.5751 17.0488 -0.676128 
14.3362 -5.36335 -9.17582 -12.155 -1.68171 9.74248 4.01556 1.17892 -9.08088 -1.46353 
-7.94084 -19.7509 -2.29166 -5.3953 21.213 4.8438 6.74946 5.52105 8.85578 6.31212 
8.16964 -17.099 6.83932 4.29745 -4.22936 21.7779 -9.78169 -2.42895 1.39152 -1.62865 
-2.6047 3.05146 -7.17546 12.9234 2.56702 6.1021 -1.26456 -12.2046 -10.3385 -3.2029 
-8.00921 -0.0367325 -3.42786 -11.0137 -5.86284 0.245621 -5.74262 -6.29823 -14.199 -3.91764 
6.61566 4.88405 1.12679 -2.10681 -1.4785 -1.80171 6.67047 4.39915 -13.3803 3.98949 
-4.28548 -12.7217 -14.6834 6.87011 19.6618 -2.70234 5.42702 19.5801 -11.6703 -2.43099 
5.24043 -4.16436 -6.21981 -18.2021 3.97002 -12.8773 2.34366 1.96889 9.23288 13.7487 
0.753219 -10.2321 16.895 10.47 -10.874 -5.48399 -4.85098 -1.23414 -0.630159 0.346639 
7.57325 -5.21185 -3.41094 6.88183 -9.90081 9.09512 3.55377 1.43121 -6.97846 0.0933788 
-21.0951 7.80191 9.13463 11.4039 -17.0901 -5.09568 -9.1095 15.1456 10.3338 -5.21344 
-0.285073 3.6799 -0.0158624 0.137919 -2.59746 -21.1996 1.42327 0.476321 -14.2985 24.5987 
2.5758 -15.4272 -4.76122 -4.48535 -10.5098 -10.8849 13.4769 4.23646 0.118234 -2.54181 
-15.8285 -8.44237 -13.0107 14.7669 -12.3531 -26.299 -10.9549 -14.481 11.6269 11.4654 
-12.3818 12.2465 4.011 -3.51557 -8.86162 -3.40904 2.82171 2.58459 -18.0999 21.9901 
12.6843 -0.895458 -12.0105 -5.34782 10.2524 -20.2143 13.3469 7.24639 -4.95612 -2.20194 
-19.1558 12.1376 3.90259 -3.8498 2.87052 -0.492944 -1.88074 14.8458 -14.4028 -2.94965 
-16.5299 -0.26809 -8.12821 -8.21453 10.8807 -8.05392 -0.642075 7.94064 -1.22745 -13.9799 
-11.2681 -1.91531 -13.2855 12.9256 -19.1505 5.55126 -18.9559 -10.6848 5.16475 -4.36658 
19.1562 4.52517 -11.9603 -10.686 -11.457 -14.4948 6.50551 -19.7424 -3.11125 -13.0651 
20.7097 -8.16733 -10.6762 -4.19246 -3.76101 -9.34976 13.9355 -6.10983 -6.5859 9.5877 
3.89348 1.47041 -6.70121 4.85578 8.01481 11.4214 -12.6686 -8.88781 -4.95992 -2.42418 
-13.3813 3.9521 4.27096 3.0204 7.86803 7.59975 3.05416 14.4237 7.73596 -7.1173 
-0.402852 3.15047 -3.3411 18.2276 9.15986 -1.9316 1.4418 4.73034 2.43991 -6.05164 
-1.69237 8.40594 -14.9966 1.03119 4.05385 -7.95722 -11.7597 6.05922 11.7507 -6.64075 
-8.49769 20.9797 -1.97559 1.26255 1.20532 17.417 -15.5647 -13.3967 4.02421 -3.62948 
-2.41509 -1.96179 4.51943 27.4575 -5.44149 -9.71436 -1.05636 3.24232 0.958692 13.1976 
2.56225 -10.0146 -24.2326 2.1484 -18.8674 3.35724 2.62604 4.29803 9.70145 -5.9699 
-16.7573 8.45902 -23.3825 -13.8487 -2.91785 -2.40064 -0.0815578 -5.32694 -1.58889 -12.8071 
-6.21987 2.66268 -17.5066 12.5035 14.4736 -9.15642 0.338985 -2.98404 -9.37457 17.1958 
-11.1994 -9.39181 -8.46144 -2.0078 -12.4534 -2.70362 0.79149 -6.78164 -8.14662 1.03075 
-7.17951 13.5126 7.34676 -9.6428 -30.6459 2.5418 -3.81618 1.30302 -6.02793 -7.52547 
-11.3455 -3.58898 0.0657266 13.4686 6.01992 19.2034 -0.47878 0.612101 -6.18038 15.7393 
-1.26523 -10.7175 -8.76361 17.6419 7.37264 15.121 13.7199 -12.3563 6.29823 -2.19936 
11.4709 9.55059 1.69375 16.0911 -6.99891 -5.74444 21.8663 -7.99437 -6.62769 1.58633 
-5.31651 6.19687 -16.5382 5.3039 -1.19229 -0.829224 12.2144 -13.6987 13.641 7.20353 
-10.2162 15.4553 -2.33491 -7.81461 -5.0368 -11.153 -12.2864 9.4717 -15.1332 1.25049 
0.874831 1.02605 -4.6396 5.12031 16.815 -17.6883 2.1244 -0.438185 -28.0318 6.9349 
11.1879 2.31839 -10.3551 1.48882 -0.520473 2.71898 14.0509 -3.59906 -1.64452 -11.4744 
-15.929 -9.64591 -7.57674 0.792141 19.8533 2.30288 1.36325 9.68658 -2.32938 -4.16442 
-3.04381 5.2851 -1.30275 -20.9268 5.20879 -4.4629 -15.3332 -10.7647 -11.1787 -11.803 
0.98618 -1.42679 -27.0769 -15.0252 -4.3099 -0.954222 -4.11902 -4.01528 -7.31945 -4.87314 
-5.7847 6.37673 6.3902 7.85735 11.2788 3.83092 -1.39973 -15.4913 -21.9102 2.52809 
12.6562 -4.11385 -5.33666 -3.44816 11.1882 -13.5853 -14.2244 5.55946 10.7716 0.503069 
-7.74511 6.65276 -3.84056 12.265 -13.9781 -0.854175 2.06021 -25.1705 15.6638 4.22865 
2.00247 -7.42399 18.1591 5.86172 7.40082 4.26686 -8.14015 -2.45264 -8.20177 9.37565 
-16.5659 -0.957169 -8.31291 8.09021 8.66879 -20.6591 -9.96283 -11.0459 4.87918 4.43283 
-25.5974 -4.24779 4.31878 6.93061 7.00452 20.279 -8.34285 20.2884 0.749581 -16.8935 
23.9606 -5.33604 -0.687409 6.59748 -14.0392 -6.57553 5.70273 -7.67494 4.3323 6.45363 
12.7286 -3.13714 11.0205 -5.24219 -7.27173 10.6826 10.2837 -8.61171 1.3207 0.30862 
-4.47998 7.35317 13.6698 -7.43099 1.26195 19.0195 -5.5477 11.4444 3.62081 -8.79049 
3.25333 -9.4834 -22.3884 9.62052 7.66331 6.55027 1.31058 3.12651 5.23355 -2.40303 
-6.48265 7.27458 13.8321 -11.8145 3.50279 19.2419 5.30514 -3.4157 5.30745 -0.0845875 
9.1984 5.7968 10.26 6.753 15.3356 -8.52062 5.48736 -6.53432 6.86968 2.99427 
20.8005 -2.63042 -22.5559 0.882833 -13.1113 9.4654 -2.78613 0.55476 6.2391 -15.5421 
-5.59612 -8.27968 -5.43186 -0.646936 -14.3428 12.081 21.8308 -14.9634 -3.56908 -21.6254 
18.7965 4.89908 9.55389 -0.155174 1.65189 11.5472 11.6011 -2.77486 9.76653 -8.34434 
-19.3416 0.42297 0.427232 11.4984 5.43479 13.9025 0.277867 4.56026 -3.74786 -12.8556 
-11.1279 4.43855 0.248474 -7.01297 24.7688 2.09292 3.6051 13.3081 -8.35952 4.33982 
-10.5316 12.4637 3.95933 -1.3877 9.08519 12.7245 -9.62652 1.13024 12.4525 -0.580861 
9.85932 2.72411 -10.0578 -14.3385 -26.4921 -5.96457 -13.7434 14.247 0.490578 0.675077 
27.2766 11.4451 15.1082 -6.26807 -2.23531 -0.20845 5.06565 -25.7141 -11.3751 -10.7293 
2.03553 -4.51466 12.1774 19.1452 -6.88274 6.67095 5.66836 -10.3922 -0.427009 -7.16461 
0.981335 24.4213 8.12905 -4.15554 -2.96627 6.10281 -13.2978 -6.83572 -0.445679 0.978645 
0.0287222 -6.53513 -13.1863 1.86911 4.49737 9.60172 8.94533 -28.3137 13.265 -5.1103 
-19.1378 -7.41135 19.259 6.43577 -1.16085 -20.761 -4.81183 9.66867 -13.6151 -6.69428 
-7.04494 -7.21048 -2.71804 -4.04913 -8.3 0.865363 0.818592 9.36698 -5.25752 6.01058 
10.6118 9.29019 -13.0995 9.97763 1.03835 -3.77022 -12.334 -10.7952 -7.04752 -2.87551 
-4.12509 3.88924 -8.41598 8.6194 -13.6086 0.891743 4.55712 -7.24809 3.8486 -4.08509 
-16.4073 6.56729 7.78524 6.93494 -2.81041 1.39986 17.0742 -0.095292 9.56363 10.8036 
3.5603 18.5547 -13.1132 -20.2143 -4.61654 -11.3906 -0.988596 -18.622 14.6597 7.99843 
-6.60574 11.7743 13.8414 17.9849 16.5573 4.74686 -2.84464 -3.47675 10.9212 1.40686 
-6.68908 -6.9635 8.13504 1.8795 -7.53575 -1.94928 -24.6965 -7.54834 12.3523 -13.9874 
11.9916 5.47749 -4.33223 7.31925 2.4363 -12.4144 -11.9424 -6.45847 12.7535 0.0511038 
-2.75627 -7.8839 -3.79563 14.5307 -12.9514 -2.50423 4.75882 10.8711 19.3152 1.5445 
0.521048 1.4568 -3.04852 -4.77854 -5.61155 9.32344 -0.303438 2.61824 4.30308 -1.47903 
-2.51576 -13.413 -7.20906 9.57034 -19.0309 -12.7153 0.580294 11.9145 12.0434 8.97036 
-6.19417 -14.4188 1.47577 4.40792 5.99564 0.96888 4.73105 -8.22931 9.87675 5.87224 
25.5992 0.990303 -19.3611 1.83106 -16.1675 10.6924 -10.4535 -5.20794 0.196143 -1.13055 
9.82929 -8.78573 5.34251 14.9662 3.82919 -11.0671 14.6522 0.904664 -12.8317 8.81342 
2.54363 -1.52013 -3.01553 -7.76299 7.48655 -10.1577 -7.00951 -9.44986 -20.4497 -6.88885 
2.11928 -2.57886 6.46718 1.21155 -6.96509 -0.677638 1.03138 6.1251 7.16556 -7.30909 
15.6039 -11.8321 -8.90059 16.7437 -10.2348 -3.32193 -11.1712 2.90921 15.0813 16.2418 
5.67253 -4.31119 0.508953 3.64945 8.94209 0.999216 -0.5186 -12.7399 -12.104 18.8039 
-8.51064 -0.476781 -4.01372 -4.803 8.77335 4.27117 13.0896 -7.20574 12.1121 0.999739 
7.06464 9.78358 0.13494 6.07452 7.99217 -3.52697 7.38926 -5.82244 -6.80107 5.09617 
1.65648 -22.648 -18.5931 -1.54386 -7.08149 13.156 -5.44416 5.92116 0.556088 -2.7008 
-11.8218 -8.07577 5.6739 6.72143 19.785 -14.6528 -11.7231 -5.20364 -22.1574 -11.5608 
6.47674 -7.29691 18.3309 2.55285 8.7243 -5.32511 8.84743 -8.49396 -6.72751 -6.86981 
-11.2543 -4.26841 -5.3901 -0.577999 25.0422 -5.00632 -3.19822 -11.0602 10.6703 -7.50736 
2.75812 8.80744 4.56463 12.883 -6.22146 -21.3704 -1.81728 -13.1123 4.79799 5.11999 
-1.40757 17.3474 -15.3678 -1.46713 -4.89072 -2.99764 4.27338 2.13365 -6.79904 6.73986 
6.25437 9.54813 -5.62584 5.41407 -3.5621 -7.62508 2.15325 -13.9048 -7.49672 -7.99116 
3.91491 -1.89963 -4.93973 4.03231 -5.17213 -1.06582 -5.29631 -8.45218 0.296208 -4.12932 
2.75496 5.09593 -19.7966 2.14774 6.48216 -9.78254 5.05764 5.01004 9.56717 -18.1703 
5.47227 4.41495 12.5719 4.13596 -7.94335 -3.42818 2.07082 -1.22195 -6.40519 25.3383 
11.5823 -8.28884 -19.806 -6.27848 -3.86942 -8.44543 -0.149286 11.8357 -3.43571 -12.4233 
-5.22324 -20.1981 0.20291 -7.30815 0.930475 12.6138 -4.193 12.3115 6.13541 6.92046 
-5.8455 -9.29149 -14.7447 -8.27976 4.34074 16.7263 -0.986285 4.3472 6.14044 11.5745 
-0.106126 -9.32492 -1.06584 -23.3356 9.63523 5.35355 -8.01281 0.393629 -7.28545 12.0016 
-27.4699 -0.941243 -9.79945 3.99446 -6.46944 6.23303 -5.08374 -2.62267 -9.20469 13.7803 
-8.5363 0.259312 13.9659 9.46925 0.168661 -6.62216 -6.1883 9.04166 12.2442 8.55272 
0.288884 2.25819 5.1159 7.90372 -4.53652 17.4297 5.44407 -8.42447 6.1365 16.5233 
-5.93872 2.40998 8.19258 -9.30591 15.9922 -15.8491 0.440954 -9.54749 -2.31385 10.4014 
-8.56484 13.3744 3.31305 -8.34307 0.494711 6.40444 -17.5686 14.0709 8.87084 -4.62252 
5.65187 3.92956 -11.2707 0.376734 9.92122 -23.0062 -4.37651 -14.168 -0.530388 -16.0386 
14.6972 4.66842 -2.41725 4.25964 -7.61933 -7.37907 26.0484 6.2401 -3.13305 15.9758 
27.1174 -3.258 -14.8603 -14.2979 -3.16647 5.8377 -13.3184 -13.5014 -3.01424 10.4003 
1.55334 17.3067 10.522 -11.1973 2.72355 -7.52131 -7.31224 19.4507 -16.4398 8.33706 
-3.27574 3.06419 -9.08203 -2.09976 4.45936 -6.12397 0.175542 7.24346 8.39557 -2.64786 
-8.07314 2.88784 -1.97054 17.0047 -4.29116 -9.9382 0.519919 9.24169 3.2085 4.23004 
-25.1788 2.19082 -6.62208 1.53144 14.332 -4.31604 -4.0793 1.55426 -22.2591 1.59183 
-3.74392 4.07434 7.42333 -0.584163 5.14075 -7.14072 -9.85327 -4.57662 13.9085 -3.74045 
-12.1067 18.119 6.15693 -7.15694 20.0592 9.87487 -5.83234 -10.685 -10.1951 -13.5914 
5.48711 -7.81941 2.83518 3.11934 -2.22027 2.23652 -5.93939 3.4718 -13.1038 -16.9845 
0.493889 5.77759 -3.16669 10.8462 -3.90662 -13.1183 4.67657 4.30407 -0.285008 -5.36969 
24.1523 19.5839 -4.41992 -8.95796 13.6941 -3.09806 -15.5163 -7.92823 6.77832 20.8852 
6.95213 -11.0971 8.72557 -1.07027 -3.78424 -3.60832 2.00469 -13.0022 -1.98258 -8.64628 
5.46001 -7.57492 -15.7158 12.7395 14.5763 -0.974036 5.26286 29.0847 4.09575 -5.13586 
-22.6394 -5.33908 -0.543057 1.26079 -4.25653 11.4434 19.0463 -9.999 -27.1685 -7.83638 
-16.0061 -17.3649 -0.791782 13.9594 13.4125 -10.2669 14.97 -11.7765 -15.4945 -4.62647 
1.48707 -7.08897 0.951656 -5.68952 -2.73522 11.7985 7.03583 11.0702 15.9323 3.60041 
13.7619 -5.56079 3.01325 -7.33647 9.76756 -2.17109 4.10258 -4.65743 3.85264 -2.84565 
-0.847937 -1.73591 -0.483486 -5.84671 4.19404 -6.66361 5.0532 -11.2213 -11.0881 14.6137 
-7.119 6.69999 1.10906 -15.6794 10.0223 -0.146451 1.97819 -0.856526 -5.20492 6.54099 
3.37145 -8.84929 3.66408 8.86471 14.3082 6.1611 0.184468 4.51124 20.3364 -3.62608 
-0.100056 -12.1914 -8.51202 13.7105 6.45377 -6.23301 19.0105 5.97145 -24.5149 1.97727 
14.9568 11.4537 15.4249 10.5383 -6.46178 -9.92868 21.436 -6.24148 -11.739 1.44634 
-4.21402 24.3139 -2.99801 -8.28454 -2.56693 -1.44156 -6.39307 -12.8414 -11.4496 8.79894 
19.4104 -21.0447 -8.77543 -15.8442 -12.4249 16.4826 10.5551 0.833307 -1.20292 1.36432 
-14.8144 -17.3048 2.11776 -8.79097 -11.7316 -17.2452 -5.64619 7.01471 1.28392 5.01261 
3.36725 -8.27394 0.403027 -10.2461 4.0901 5.16838 -10.144 -13.6227 -7.50541 1.0702 
-18.5674 -19.8503 -21.8581 -18.1049 -19.312 -4.54759 1.89053 29.929 -2.25925 11.9877 
7.17293 -4.90223 -8.89807 -5.48329 8.28672 -1.10465 -7.51894 -2.91947 23.3999 -3.41569 
-3.8736 -8.05654 -5.87744 -4.53086 15.3881 5.83918 16.3371 -18.4318 5.36893 -14.962 
-9.76339 5.96347 -6.75324 -5.32993 3.64122 16.0517 -6.8303 -2.08983 -18.765 -6.82896 
-4.56672 7.3508 -1.68684 -4.07314 13.9154 16.3269 12.4625 -2.91047 -8.48466 4.83817 
2.31665 22.4053 -13.7282 -6.62918 -0.984663 10.2633 13.5468 -7.83213 -25.1085 15.4903 
-4.59239 10.0132 -1.21184 -12.2501 7.1707 1.55525 -0.634265 -11.9078 -4.62351 -10.3231 
-4.06618 -11.0583 7.43916 -7.71733 -11.4245 -5.9221 13.6902 1.99199 -3.55208 -2.13779 
-3.85135 -4.04982 -10.3466 5.67266 4.81199 -9.91326 8.85099 4.51683 3.0192 4.44845 
-0.553653 5.0179 -6.937 -12.9703 2.95364 -2.00717 20.5521 5.49893 -1.83595 -5.78581 
-5.3034 8.5723 -9.21311 1.31135 -4.17749 0.191644 6.30175 4.16147 4.68826 14.9621 
5.24524 -8.69477 10.1397 18.2897 4.1058 15.6454 -0.0669456 6.06922 -8.56788 -8.64546 
12.6658 13.8689 6.58711 -6.56299 18.0762 -10.6154 32.7131 -12.3524 0.197864 -17.3947 
-7.10123 -22.0783 -7.45431 -8.64759 15.9984 -3.80906 -11.1907 3.52239 -5.18072 -13.9768 
3.33188 3.66331 -11.7746 -5.34263 -14.7109 22.746 12.7121 2.70587 4.9416 19.7833 
3.233 -2.12388 10.7036 -2.37434 -8.85914 15.7236 -1.8236 -0.435788 -2.40397 -0.332241 
-0.0780736 18.093 -2.16013 3.66267 -1.69883 -5.68345 11.1847 -4.99037 6.73585 4.50611 
-10.7979 -7.40837 1.35431 3.49611 10.3462 4.04748 -2.17166 -6.272 21.956 17.7423 
-0.792759 -2.4986 -12.1019 -15.8014 14.6192 7.44746 3.56754 0.926077 -5.49308 -4.49071 
-5.78754 -1.31065 -13.2833 7.12175 -12.8832 19.6933 0.434139 6.52308 -3.68949 -13.237 
-18.4618 0.968703 12.3239 1.5929 -10.8429 -2.99086 -6.42974 -8.02855 -7.37045 1.73603 
-10.2737 7.48354 17.2489 -12.5884 -8.61976 6.34017 -9.82059 -0.0551343 -7.2709 -8.63799 
-7.3652 15.3018 -0.706612 -9.79705 -6.68249 -13.8772 -1.15969 -29.0531 1.59243 -3.17011 
6.93357 17.8784 -6.42308 -4.28697 20.6856 13.2837 8.44732 -17.6661 -4.36764 -1.80582 
2.33582 -0.924238 7.56285 -3.08317 20.4912 5.17641 -7.99918 -1.82456 2.08492 -7.57777 
-12.424 9.87157 7.36034 1.29628 2.61399 10.0764 -3.16955 -7.21712 -5.00253 -5.31863 
-10.7796 -8.78094 -19.3474 9.19927 -6.04844 19.139 8.85429 -0.931355 2.07682 -10.0506 
-5.3674 -4.12036 -2.4146 2.92672 -2.77952 -1.97659 1.3357 -4.07607 -1.06908 10.1772 
-7.33617 5.77998 -6.25253 -7.93489 -6.07543 12.151 18.0916 14.3773 0.717733 22.5534 
7.58907 1.13446 -17.0012 -14.5834 -6.73462 15.0062 -15.1944 -3.31188 -2.78481 -5.278 
20.355 -5.7931 -5.49183 -6.52659 1.55233 10.002 -2.48259 19.1031 19.3319 6.50768 
-0.637723 12.188 8.71378 2.92297 16.0016 -6.27651 -1.63327 15.1554 10.2917 11.038 
8.78313 0.711673 3.70584 -21.3633 -18.0113 -2.83803 -4.38472 12.7092 -1.1762 -0.952198 
3.40033 2.57865 18.9061 -0.0511532 -17.3403 11.7623 -0.922466 -16.6385 -7.50334 3.91403 
-15.3101 4.99944 -2.42583 5.19975 -20.3695 6.9116 -8.08025 11.8899 0.664037 -0.816681 
-3.97249 -8.21544 -0.480762 -1.41964 7.26363 -8.87681 -17.0262 19.7406 3.56637 -7.55088 
9.80774 -3.74134 4.14861 7.95287 -4.52817 -13.7955 7.21407 -2.28727 -2.94964 14.0883 
-5.22366 9.80293 -1.93424 0.0853359 21.9445 -14.4739 -5.30454 11.6721 -4.20452 3.48091 
-8.54994 -11.1596 16.2792 19.9879 1.54309 5.18304 6.0667 -12.0186 -1.8421 14.5268 
-8.26658 11.2472 -0.82863 -2.3917 -6.71993 3.73014 0.772281 14.1629 3.08724 -0.549844 
-10.5384 -6.241 -17.0207 2.06229 17.0167 -12.9015 2.53563 -6.97059 -14.5812 9.55837 
-16.9968 -5.34809 0.85768 1.86738 -8.79674 -8.12304 5.25508 3.66203 1.91205 9.72773 
-0.509929 -2.81152 5.23491 -14.8058 -7.96936 4.26053 -2.00873 16.2857 -0.706694 -2.51774 
2.42616 -9.93998 -3.33092 0.719109 3.46841 -5.84672 3.16411 -10.8424 -3.69508 -3.44704 
14.704 -7.01556 -13.2162 2.01042 5.84637 9.08617 3.34345 -11.9106 -5.90343 -5.28076 
11.7646 0.67427 -17.3501 -6.73207 -16.6997 -0.227979 0.742976 2.91382 13.3239 14.8775 
9.21686 -16.9913 2.33778 -2.16684 14.8747 -7.89804 -2.69989 8.36394 -8.57778 4.65512 
3.83584 5.6975 17.1367 -11.4494 -17.029 4.23274 1.69576 -5.98764 1.60119 6.04697 
3.67177 -1.73045 -15.5578 17.7759 6.52132 -11.2448 -7.56798 6.02989 -13.3962 -9.81697 
-0.775937 -7.32612 3.58135 -13.012 10.752 -1.80793 15.3864 3.90975 1.71187 -1.70071 
3.73933 1.8453 19.2233 2.18034 5.45967 -5.23741 7.49761 2.24136 -0.403352 -2.49623 
-0.257681 -8.65505 1.46211 16.5263 12.5143 0.951751 -13.2789 -3.99638 4.14588 -11.3132 
-7.35014 -3.10072 0.835087 -9.02576 12.0951 2.13503 -1.69064 -13.011 2.43028 9.38069 
-11.9357 12.0061 -2.81811 -2.32501 -8.98 4.22285 -27.2713 9.9676 -9.27042 -1.14637 
-6.48475 -3.92205 13.1995 9.41071 11.2283 31.5619 1.35496 -15.8881 -16.1828 -14.2615 
-3.34151 -17.7096 9.19076 2.55593 4.60221 -9.31545 1.09369 -6.25429 -0.869863 -4.4787 
5.73098 -5.44263 3.79903 2.58405 0.162002 14.1134 4.92143 3.09969 -22.457 22.5738 
-7.05339 -5.02316 2.50747 5.97508 -6.75677 -6.33632 -3.77628 18.6914 -0.0939879 13.7398 
10.9667 -5.47975 18.1547 -11.0702 -0.756155 -18.4707 7.80329 -2.14668 -9.40875 -7.57043 
-2.49089 2.04403 7.21132 22.5173 -21.906 -9.13625 5.14208 5.04604 -10.5784 -20.8363 
7.00694 -1.25836 -4.43657 0.701906 5.03443 2.13049 4.72957 -2.09596 15.9752 -0.685493 
1.31687 -12.3927 4.70643 -6.61877 -17.5891 -11.6492 17.0651 -0.779466 0.777183 0.44439 
2.73366 7.95553 8.63962 6.47985 0.498799 -4.92595 -6.25074 5.41514 -15.4417 2.59984 
13.892 2.43525 5.14973 -0.240425 -0.0944849 -9.85601 -3.34352 -3.08371 7.38134 1.1 
-6.72733 -18.9172 -14.7571 23.1898 10.7639 -0.767488 -0.806122 -10.3171 -5.83999 -6.15769 
-8.73779 -0.882776 10.544 7.56446 2.0629 -15.293 12.8126 -2.5351 8.65928 -15.6208 
28.1901 2.49822 -9.81569 -13.7357 7.57872 -3.51977 -5.28557 -11.5384 18.6546 -0.889618 
-0.568041 -8.93019 12.9771 8.23033 -2.75314 -6.70046 8.79891 -2.70724 11.7433 -15.3311 
-0.332219 -6.85322 6.96921 -5.1288 -6.32231 16.9968 -6.13129 -3.91752 -2.15797 10.0823 
-4.00391 8.65137 -15.3196 -8.30175 -8.62007 -17.9768 4.12982 -2.50887 -14.853 -12.7876 
-2.57283 -9.97941 -5.35434 -6.33707 -6.64582 8.85444 8.70348 -0.872878 14.4221 -4.12621 
-4.61988 1.02707 12.9587 -7.40394 5.96907 -3.28182 26.4313 1.37656 16.2239 -12.7079 
-7.92872 -11.9392 -15.7867 -4.06376 5.48982 -10.4254 19.8096 6.45041 7.31942 6.09459 
9.51102 3.77615 -1.32252 -11.3748 -0.402304 7.60166 -10.8268 6.28545 1.25766 20.1861 
-3.57954 -4.71273 -10.4101 5.42234 -0.321765 7.07613 20.0761 2.68396 -11.9841 1.3867 
-4.23888 -0.377642 -4.20715 4.60835 -5.06373 4.396 -3.82677 -4.59274 -2.63673 -1.37243 
13.1834 -16.6081 5.77264 21.1268 9.82804 -10.2872 0.047696 -0.497152 2.50332 -6.40376 
-11.3578 -14.5889 -0.830775 -3.85139 -7.63502 -0.691219 -2.12966 -2.22367 -9.07618 12.6772 
21.0604 -7.21582 -2.73078 -0.149074 8.31574 8.29597 -4.87622 -13.1904 2.50683 -12.4019 
-16.371 -2.60756 2.34929 -1.77312 14.8166 -16.6601 -0.0778473 14.4199 -3.94868 5.84136 
-5.49195 7.26657 -5.90431 -7.68343 -3.21024 8.16213 2.49589 5.98236 0.873774 7.46431 
10.2246 -13.7175 -11.2828 1.81754 -13.9765 4.82044 0.816023 1.66766 -0.62322 -1.63046 
4.43203 2.13162 6.96844 -5.12462 -0.852829 0.443025 -0.739352 3.49932 -6.46843 7.04978 
1.28279 -13.7025 -13.5514 0.650521 -6.40393 -3.62604 -4.08529 1.75277 3.12564 6.90379 
-2.78673 1.47917 -17.3399 -10.8621 -7.23506 0.569453 -0.0972318 1.95393 0.425545 -5.17887 
-4.08244 -21.5324 -6.70661 -6.1035 -11.4784 -15.3759 11.506 -13.2805 2.78806 5.96407 
14.3823 12.5706 -6.44142 2.69391 3.52804 -10.7429 -23.156 -6.59687 -6.98006 -2.95 
-2.80651 11.7814 -14.5231 -7.62314 -0.283992 -7.15537 -17.0574 -7.63844 -24.8239 3.32447 
5.47254 -11.5768 -0.135994 0.197765 -6.26674 -16.1004 -7.4353 10.1675 14.3361 6.26018 
18.2923 -8.9879 4.93731 5.54938 -6.76116 2.07292 18.9715 -16.7033 -5.66619 -11.2138 
-15.8196 -3.54944 13.3941 12.8395 -9.6978 3.09775 5.11285 8.42588 -4.83863 -8.01273 
22.5669 2.94401 7.56578 3.85317 19.0571 -7.40618 -8.87898 -3.24729 4.6532 -8.63021 
20.5734 0.0728464 -10.2098 -4.59725 9.4415 -6.35516 -0.189462 -0.499759 8.48908 4.04228 
-5.42141 -14.2967 -5.25225 2.50288 0.479961 12.653 3.33747 0.809678 -12.0401 -5.43731 
1.07385 12.6586 -1.19948 -0.928756 -15.255 -15.4188 -1.4294 7.40407 -15.9272 0.603235 
-7.88046 0.265111 6.82023 10.989 -2.79413 -5.93181 -4.82628 6.46647 -1.59017 -10.839 
6.29232 1.50609 -20.2053 -22.0297 6.3752 -3.46123 -8.60729 -2.32655 10.6757 -7.91181 
8.0293 -8.67193 14.1848 10.4135 0.612181 5.45704 18.6097 -2.97004 -0.920767 3.3173 
-16.3193 1.96821 8.24703 -1.82499 -8.54972 17.5918 1.56543 -10.897 -5.32193 -3.41163 
-16.8013 -4.14808 1.81175 15.1959 9.43808 -8.81173 -16.8318 -12.6025 -13.9585 -6.22623 
6.60129 12.8405 -6.88352 1.98987 -5.94339 -6.18984 -3.13562 -4.60058 7.41229 18.2074 
-23.6374 0.158416 -0.731538 -8.71387 4.84684 -5.74348 -13.1397 -4.95673 -0.718725 -0.26003 
-2.00793 -8.20648 3.50655 -13.7606 2.95814 -0.856148 13.2204 -5.53945 12.9728 -5.88779 
-4.9111 13.8487 4.73078 -12.0631 -1.91002 -1.40453 -8.67924 -9.18585 -19.2985 15.2842 
-2.10767 -1.10225 -3.34555 -6.3084 18.3786 5.98507 4.37986 12.3998 7.85523 13.2349 
-11.6394 -1.19812 0.681212 14.8827 12.3273 7.31577 -14.5628 19.1053 -2.35841 1.31995 
3.17792 -4.58152 3.3863 -9.34941 2.72653 0.556298 11.3978 9.6971 3.37977 11.576 
-1.6282 -2.63546 8.84416 12.1967 5.55283 3.47951 16.2908 15.0049 -7.74839 -0.35676 
16.5805 -0.617052 10.6677 1.97844 10.2407 2.75644 1.83639 -9.20177 -3.24991 8.35511 
11.5814 10.2274 3.25501 -2.2889 11.1799 -8.91028 -5.29008 -0.137141 -5.59835 -3.53016 
14.2811 18.5354 10.5363 10.943 2.22513 -1.88966 -21.7649 5.26526 -10.2302 8.75152 
-1.14105 -4.6897 5.66784 6.13062 12.7323 -23.7597 -7.37964 6.41174 6.48842 0.971202 
-2.77445 -6.05713 17.5967 5.86021 13.3449 21.6405 -21.8342 -10.8374 19.121 -18.272 
-4.68679 -16.1442 -13.5571 -4.52783 4.09289 2.42879 -0.871554 7.67096 -3.68219 -1.31399 
-8.25664 0.461468 -13.8215 -23.5614 -16.5523 -11.8699 -10.3018 -6.14772 0.808665 3.46976 
3.24041 1.65687 -13.7085 4.08453 -4.67561 3.377 9.6515 6.76932 13.6595 14.3258 
-17.0149 -2.85457 5.90475 4.28281 6.80236 -1.6825 -3.28643 16.3814 3.74686 -0.890106 
-15.8342 -2.21596 -1.19354 15.2433 7.46799 -5.58866 -5.5722 2.99764 -5.7485 -24.1198 
4.29668 22.651 13.4977 -5.78643 15.2611 0.129742 -6.31725 4.78587 -3.18675 2.80892 
14.8434 -8.83228 4.53564 7.57606 2.26002 -10.7347 9.15343 3.08874 -0.064161 0.879591 
-5.27064 3.43015 -8.71141 -6.86158 10.9045 12.1081 -1.65845 -4.1666 -1.53523 -0.348545 
1.25619 -21.2368 11.6436 -4.37323 -11.6497 -7.3195 1.96964 -10.4098 13.5173 5.3068 
-8.37374 3.41059 3.39558 -8.07882 2.92836 -11.347 13.3698 11.0635 -9.30584 2.04596 
19.4246 0.472939 -0.658691 -7.69533 20.3409 -0.186151 6.18109 8.84097 -0.91366 -15.5596 
7.95779 4.75074 7.48543 0.640525 -2.22057 -2.06241 -6.82205 -3.3361 1.74345 9.11582 
4.386 -6.7442 -7.91489 1.89998 5.90981 15.7926 1.0765 5.3374 3.71924 17.6988 
17.2674 2.65168 4.69171 -9.11271 2.95598 -0.608194 6.19565 -7.1441 -14.6608 6.5576 
5.72808 -3.88453 -0.366106 -5.53268 -5.41416 -4.06163 11.0626 6.86022 10.168 -0.467501 
13.4467 9.13043 -1.56155 -4.22778 5.19388 4.42159 3.09381 -8.43379 -12.619 -4.35457 
-21.0775 16.2202 -6.63239 2.00101 -2.17364 9.14714 9.09444 -8.89468 12.7078 -23.6037 
7.95819 8.14648 -6.27637 -2.56684 14.5651 -17.9943 1.34981 10.6053 2.4911 19.4444 
-3.10936 -10.273 21.3616 11.9813 -10.9911 7.52129 -1.15361 11.5296 2.09744 -21.2269 
-3.8891 8.82981 4.16186 -2.92021 3.62611 -5.38139 -9.53433 12.7495 10.4604 -1.03343 
-3.71923 -7.70623 14.5865 -22.3691 0.564166 -12.1261 1.63997 -0.248802 -2.03818 -10.3162 
-12.0192 -7.45899 -9.65168 -8.80104 -8.74727 27.0773 -3.60496 -0.59781 1.10611 -4.06743 
10.9075 13.5337 2.17227 -6.23547 5.51814 -16.941 -6.28303 14.4798 3.42698 -4.94683 
6.40909 -4.20308 2.05093 5.34575 6.55274 -31.0656 4.25845 -6.66493 -6.36119 -10.411 
-1.64256 -11.9684 -7.39708 -11.7937 1.96221 -2.32953 -10.6424 5.87717 7.86046 -11.3788 
-1.69382 -5.50956 -7.60075 -11.8844 -0.227605 7.3401 -4.08542 1.20712 -3.2498 8.01229 
-3.86513 -4.55354 2.08966 4.96364 -16.8401 -16.7701 -17.3464 -6.9969 -8.32443 5.3727 
-0.343908 3.68255 11.8569 -10.412 -2.40716 2.31727 10.2459 22.113 -1.53569 6.27909 
10.5277 12.9201 -10.3192 2.85421 14.9797 -12.3841 -13.7888 17.1365 -5.61062 14.5531 
-4.27933 5.96891 3.63418 -6.58877 7.68777 10.0553 -2.67472 -1.28291 -11.7782 -1.6353 
14.5677 -11.8301 5.87336 0.58966 11.6511 11.3446 17.5699 -10.3398 -20.1491 -1.28173 
-18.9806 10.8074 -9.83761 -4.89222 -2.67358 6.35611 9.98488 -10.6287 2.72362 3.31691 
13.1129 3.17922 12.0769 -10.4097 -10.4731 8.61573 10.988 1.67191 7.49538 -15.6135 
15.972 5.92047 2.33075 10.6173 1.4573 -2.36407 1.84071 -12.959 -34.9001 4.86747 
-0.482052 -13.8792 11.7929 -14.7941 13.9883 -11.6327 7.27161 -11.7195 7.36767 2.02871 
-11.1415 2.0652 18.1655 15.6873 9.67601 -2.58118 -7.18991 10.7708 -3.19685 2.82734 
0.749653 -0.885863 -3.09793 -7.8875 -0.226389 7.0016 -3.18697 -7.8248 -2.11463 -3.87834 
-4.59431 -5.58034 10.6887 -1.28576 -19.7171 -2.68914 -3.40346 0.938148 11.5339 6.0996 
8.72457 4.18046 6.06447 3.91875 2.30189 -3.2766 -14.4388 11.3165 -8.89361 11.7378 
-12.5469 2.5542 2.19214 3.4154 11.1235 -1.31787 -11.9186 0.0620841 0.226089 -6.58363 
9.14969 -15.6086 -9.06697 3.51749 10.3722 -16.9622 6.48007 -3.55137 -7.31769 14.1572 
-22.4863 -5.99711 7.96331 -4.94839 13.0972 3.15234 -14.5117 0.167947 -3.67181 -3.81974 
19.2408 -19.9723 -8.65221 4.03274 -20.0913 14.6477 12.9839 34.4019 -4.92336 8.44575 
3.30263 -20.3158 6.25548 1.60575 18.9522 -25.3944 -9.05561 -3.08256 -5.34571 7.35559 
-1.04776 -6.56843 11.0459 12.1581 -0.539508 -11.2297 12.9884 28.2291 -0.558734 -3.36108 
-12.9426 8.56633 -1.84956 -0.341167 0.916961 7.96986 -1.2084 -11.8292 7.8278 -10.3491 
-19.154 -0.343795 -4.29988 4.06477 -8.98028 -6.45191 8.4179 -4.20038 -5.38297 8.27707 
-9.34492 -8.5558 9.45861 -9.92212 10.363 7.16504 -12.8659 20.5427 5.70994 12.2919 
-4.04245 -3.74861 4.67181 -7.85884 -26.909 -11.3735 -9.67905 -10.9242 -6.65147 8.9148 
-17.5592 0.691875 -27.2938 6.76386 -5.79554 5.99014 -13.7326 -18.8372 8.257 -0.715641 
7.79723 -7.07011 5.98027 -14.5459 6.26803 -2.63728 -17.0715 5.31969 29.3699 -9.91298 
-12.8617 -7.03081 9.40541 8.52386 -20.5304 -14.301 -0.755888 -15.9159 9.37725 13.6035 
7.00667 -4.60269 -1.44423 3.74932 -14.1342 -0.914234 -3.69191 -0.239688 2.4246 10.6793 
9.80632 10.3955 -3.86909 1.71466 5.68089 12.6241 -17.2701 -8.4242 3.5855 6.14001 
-17.758 2.84961 -2.22499 -4.17012 4.97279 -4.40787 3.55633 -7.59685 9.47688 6.21728 
-23.6257 8.71344 -5.84002 -2.87407 6.98497 23.5229 1.59924 -0.381647 7.56833 -21.9728 
-2.24396 5.9742 5.66545 -5.503 2.45858 4.29051 4.47498 -16.0716 7.61891 -2.72155 
4.2086 4.59067 -0.626931 13.8566 5.99639 -21.0148 -11.4277 2.1124 -4.60729 -8.13977 
-17.1277 15.452 6.60702 4.81987 11.1185 -9.28605 12.2832 20.4373 14.5907 13.4695 
11.3263 5.77376 12.143 -6.72069 6.31021 -9.58644 4.13426 11.5198 12.5107 -7.125 
-15.5598 3.87478 0.138366 3.99166 -8.88491 -6.32608 -16.4219 1.83132 -17.318 -0.307079 
-10.2403 1.57915 -7.09141 0.869897 -16.8619 -5.35561 17.2336 -12.5739 -7.08668 -9.2948 
11.6965 -10.2318 -6.66163 4.86969 -13.7477 11.8026 10.0374 4.43966 11.1931 20.8016 
9.22247 5.19542 11.4452 -5.55202 -2.77526 -4.39359 1.50149 3.06302 -16.862 -0.852286 
2.3137 9.08334 4.9281 -13.5455 -0.256486 10.5941 -5.65537 20.9377 -6.26807 13.1555 
-1.15245 -1.06592 -2.17981 -13.6831 12.7959 -2.36194 -6.56602 -0.987869 -4.80313 -5.82732 
-11.1453 8.33433 6.87257 1.42007 -3.27754 7.37442 7.50586 1.28602 -5.9612 6.04654 
-1.88929 -20.6451 -2.6603 5.91148 1.22566 -2.4508 15.4605 9.77948 -16.3288 -11.3662 
4.93974 0.893275 8.05752 -9.33664 -2.077 1.21696 1.02342 -13.6155 -19.1273 9.47808 
14.7446 -1.54849 -11.841 -20.0211 -16.5398 -8.58078 3.86128 -1.05619 -7.28019 -2.34367 
-17.0972 8.4833 -7.44607 -3.57777 -1.58066 20.4683 13.5451 2.29285 0.649253 -11.3404 
2.96928 -8.1513 -21.8211 -4.00651 0.380123 -1.18366 9.60666 -10.758 -3.75894 1.15669 
-18.9413 -1.82507 -9.26514 20.6376 -23.5624 -6.70024 0.832029 14.8009 -6.64311 -7.33822 
-9.60722 -29.0711 -7.69489 -5.99682 -7.82793 -0.773671 -0.806018 11.1629 -8.33607 1.01825 
4.37864 16.4567 14.5728 4.6013 -2.84103 2.33837 6.83177 11.4529 -2.79459 11.2689 
3.85704 15.2057 -7.03265 -2.99887 1.77357 12.376 -1.94026 5.79172 9.3573 2.56032 
8.05359 -0.256123 5.92101 -3.26813 -2.43544 6.12398 5.24735 -11.2677 4.49239 9.49462 
-4.80067 22.5164 -13.8957 10.5922 2.06382 0.424762 1.54402 -5.46152 2.43341 -14.0178 
0.875158 -26.239 -9.22791 -5.95743 6.03736 -5.01674 12.1295 0.0425037 -8.34329 -17.6984 
-0.117778 -13.7809 1.616 -8.57651 -9.12682 -3.37623 2.67698 4.46875 -8.38054 -2.8962 
10.2718 4.94454 5.04958 24.4004 -1.84618 11.592 3.42935 -19.0296 -7.23623 5.6443 
-18.1235 4.8463 -12.2513 -0.253368 -16.3679 -1.84376 9.92041 -7.00832 1.40686 15.6077 
9.29848 13.9151 -13.0687 6.38441 18.7464 1.22461 -7.3432 0.122165 -10.8785 -0.955789 
-3.88798 -2.04467 7.941 -19.9488 3.50743 -3.62532 -0.862832 -8.74036 -12.5588 -8.91003 
5.60267 -12.2109 6.40843 6.61203 3.61124 -3.99854 3.50197 -9.90062 3.27995 -6.9571 
12.418 -1.02657 0.953076 -19.9181 8.06007 12.9762 -8.39374 7.14752 3.29053 -6.1546 
9.48682 -8.98802 13.3903 17.0419 -20.3687 6.53189 11.1327 -9.88112 -19.6282 7.38904 
0.723296 -0.424435 -0.625071 8.99675 -14.5907 3.42842 16.6069 -3.54065 -17.2441 0.353726 
3.48206 9.18639 8.11482 18.2465 -0.218432 -12.2997 4.85706 -0.102965 -2.90173 -6.00087 
-18.6051 -6.13916 -6.48986 2.24265 -0.982061 -6.67035 -6.6661 -1.12824 1.93807 -7.00824 
4.44161 3.53091 1.05126 -7.21708 -9.73049 -4.24409 -8.2471 1.9176 5.75036 -0.00196509 
-1.30569 15.8553 -14.5417 2.16013 13.7475 -0.371618 -7.21736 -11.4296 7.60542 0.656595 
-18.0348 12.31 10.0777 7.69303 4.71557 -3.98499 4.65421 -19.6298 -5.44146 -3.63443 
18.503 -25.643 12.0685 -7.76398 -0.511653 5.27085 13.355 2.51312 -2.96528 14.6605 
0.519821 -0.346052 6.48528 16.1937 2.3164 1.94619 1.78992 -2.09226 8.04957 10.5889 
16.1099 -1.75531 -11.9255 -3.34299 1.94754 6.79064 9.48325 -12.0915 7.40339 -5.20989 
9.17733 -8.21218 12.5421 -9.93157 3.46198 -14.5852 -19.0355 6.42811 9.41419 4.10409 
-5.11126 -17.4294 8.15707 0.281231 0.0567741 -7.76275 11.8984 -14.7584 -6.28992 -7.66659 
-3.66685 -3.05935 0.76998 0.613087 12.5051 8.04255 13.8492 -2.11404 -4.39812 2.34501 
-4.08553 10.7824 -3.6151 7.15104 12.7302 -16.502 -11.4738 1.16507 -1.15669 10.9267 
14.4005 1.13214 -1.00025 7.69659 2.87486 -10.0995 -9.355 2.63667 0.122095 -3.22361 
20.5137 6.87925 3.73165 -7.3588 2.73008 -0.389593 0.19717 2.37168 11.0783 -3.51777 
1.15279 23.6525 3.68035 -4.81302 1.10379 -1.71318 1.21041 -8.2544 -2.34958 10.1441 
17.9049 7.21708 22.1619 36.165 -0.917117 1.36208 -0.571382 -21.1037 -12.8884 7.02934 
-3.29132 -9.78728 -0.63864 -10.3214 3.06424 -3.21566 -3.50054 -1.07705 -22.3686 -3.46688 
3.28818 0.318891 -1.90212 11.4831 -1.17546 -7.33738 3.80031 -0.893678 -0.758371 11.5593 
2.12838 5.46244 4.32545 7.86257 9.00075 -9.51853 -0.451852 4.99783 6.29358 -13.7638 
-8.02053 -0.293822 -24.7974 -10.0299 5.60445 9.68502 5.99352 -5.58555 13.9287 9.40658 
25.8772 -6.51461 -11.0463 -10.8855 5.58846 -7.68534 17.6907 3.63155 2.5084 2.23289 
10.4196 -15.6248 5.38967 -4.03514 -12.538 3.05096 15.9403 -8.76699 3.8751 2.26206 
-3.46455 5.13533 -15.0105 2.78798 -7.07339 -0.487214 5.13917 7.35999 7.5454 -1.75313 
2.4125 -3.57859 -32.3817 5.96327 5.462 -3.38932 -1.91862 -7.94055 2.23724 10.9527 
0.624337 5.05199 5.44278 10.0904 -2.81945 -14.9008 -15.6281 -18.5031 -10.75 -4.98297 
2.2886 18.1049 3.26851 1.34751 4.50252 -1.48794 2.11478 -12.9161 -8.88718 6.6079 
10.972 -10.88 -8.63103 -15.6254 18.2437 1.16533 3.91467 -4.0393 6.48405 3.89624 
2.41606 17.2661 -7.31598 -0.903084 7.17992 11.8618 -13.1426 0.994742 -0.739417 5.6825 
13.1965 1.36015 -5.51182 10.3937 -19.5419 -2.92979 -14.2576 -3.64685 -5.45738 -10.8099 
-5.97598 12.3866 7.66625 4.46679 -8.26136 -1.76138 20.0602 4.56022 -11.178 -10.6901 
9.4546 11.1939 18.3186 3.27875 0.577599 11.5266 5.00924 16.1796 -20.9042 -0.841115 
-3.57587 0.714858 -7.72945 14.0266 4.32843 -17.745 -15.1091 -4.96864 -19.1074 12.4211 
-0.290226 -2.27775 -4.22923 -25.7328 -14.8964 3.45746 -5.70862 18.204 6.3855 -3.84103 
8.56765 -2.18121 1.45923 -7.57682 2.87866 5.55507 -8.05542 -2.94636 13.0882 -3.29928 
-1.41722 -6.36272 -20.2536 -8.21163 5.87052 -6.1848 2.37833 21.4914 -0.449015 5.45807 
4.13787 11.8168 7.45596 -7.1602 -0.532251 -7.58374 -1.1216 1.9799 -10.3814 9.27792 
6.61505 5.94966 -12.0395 3.56147 2.36175 -14.9892 15.2043 0.0899706 7.75769 12.6719 
15.6339 -6.90974 -6.52166 -24.323 6.77357 6.1316 0.236872 -11.5687 -2.52456 17.1842 
2.37525 2.6431 -7.02037 15.2829 5.89062 -6.02038 1.10789 19.55 -2.58444 -11.8608 
-11.9487 4.98988 -12.0529 11.8805 3.89501 4.20462 2.43889 -11.5787 10.3892 4.46643 
17.6138 2.80006 -11.7371 7.103 6.28062 -20.3443 8.85747 8.83519 -2.34079 8.35471 
-0.387213 15.6295 -2.95706 8.4259 8.88476 0.487921 -0.477746 -0.235808 2.05678 -22.332 
16.0163 14.3819 -0.116144 4.11727 6.55616 -0.367343 6.93335 -8.69396 5.51098 -0.165678 
16.7363 -1.84661 -12.7759 0.437782 0.816272 -12.2144 -2.66667 9.7748 0.121072 -6.28377 
-3.54128 11.257 8.42039 -12.3177 -4.54117 -14.15 7.91453 11.8255 -27.3879 -5.53127 
18.2744 2.15565 -2.54005 5.12596 20.7228 7.74564 -9.59203 5.70205 -5.24071 -9.55625 
-15.936 -3.87547 -16.3123 -14.9836 -0.258938 9.80707 -8.27496 -9.50369 13.1443 -0.357175 
8.11148 -1.32067 -17.6716 15.221 16.8416 -18.0774 -18.4073 -12.519 12.5466 -16.8368 
18.6847 -6.06036 0.828101 -15.3206 -12.8765 2.72311 3.15482 -4.44154 8.2312 14.0211 
4.41275 -16.5447 5.40686 -10.7296 4.52876 24.3448 -7.56156 -12.4789 5.78436 2.83462 
-13.7474 -9.15724 -8.67941 1.32833 14.518 4.20041 10.7991 9.79488 3.88594 11.4945 
16.7795 -14.6968 2.98055 -1.9402 13.5882 0.113246 5.62559 -10.773 0.540654 8.99856 
-9.90131 1.87727 22.1026 -12.6737 4.16094 -11.5512 4.01289 2.61882 -10.1731 8.30803 
-7.7384 10.0536 2.70707 15.8937 9.41711 8.78849 5.13019 -12.6699 -14.768 4.83423 
5.30502 -10.3006 17.6232 -15.0375 -14.4718 6.70396 -2.76958 8.94717 11.7675 -11.6553 
22.9793 12.0385 -13.0524 -6.29241 -9.0962 -4.34228 13.0485 -6.64832 -10.5323 -9.70972 
9.65747 -2.76888 18.1806 10.4966 -8.62847 -9.26137 3.6696 -1.58658 8.80942 -0.695639 
-13.9412 19.2893 5.02331 -2.0487 16.2363 11.9256 1.45015 9.63563 9.22653 19.8206 
19.8361 9.68753 -5.30145 -14.1132 -18.5243 -10.6069 -6.30021 -6.72722 -20.1798 7.93368 
-4.79165 -10.5604 7.09059 10.4398 -4.79319 11.5133 1.77444 -2.92817 -6.74707 5.52147 
-12.794 10.6122 22.7459 8.93834 -9.57349 -8.64376 6.1948 -9.98232 4.67362 7.74649 
-4.52409 -18.6533 5.06943 9.53288 -0.584877 18.3641 -4.44453 -0.506077 -2.18091 3.90586 
-0.440843 -1.775 6.15017 -18.0183 -5.86048 -5.67598 17.4239 14.2057 -21.1995 -10.0686 
-10.9219 6.65479 4.878 -2.32624 2.43197 0.656366 -15.1024 -13.9067 -0.955211 -5.9174 
-5.49146 -8.2621 0.484505 -12.4015 -10.9662 10.9244 -15.4713 8.28775 -2.8285 19.9663 
-0.621664 2.62923 14.093 -10.191 -8.28902 19.8258 -4.17322 -10.3693 -0.620323 -2.91279 
18.5353 6.2424 -18.2116 2.49474 2.83669 -12.719 3.321 4.25891 -15.4223 14.6634 
8.71869 18.7409 -5.44013 3.18811 3.65387 6.35279 -19.0981 -7.4442 8.86403 9.10873 
-0.930647 -5.42081 -2.83944 3.7723 11.2048 -1.95558 -12.0073 -9.35427 7.29851 6.54286 
-9.3447 15.2742 -4.20452 -20.1595 -1.20562 8.1063 7.39905 -5.62863 -9.0048 4.56975 
-8.72092 6.73877 -2.64638 -4.93759 12.2067 17.5995 -12.4365 -7.04261 12.0299 2.10698 
2.39029 -0.0113934 -0.706118 -2.05123 8.6785 3.82865 -10.5729 -7.88875 12.5605 17.459 
11.1458 -1.00116 9.48505 7.96847 -4.92383 5.71964 -4.5164 -5.51926 14.3635 6.34155 
-19.2447 -17.2218 -4.66063 -20.2758 24.9895 -10.3856 0.450685 9.66028 14.1507 3.18231 
5.57275 3.4724 -4.3086 -15.8595 -0.333929 8.13103 -6.05641 -7.03333 4.98716 -14.6835 
2.06232 -14.7616 18.3863 15.5621 -12.9203 -6.84053 0.54021 7.5714 -1.7624 -5.1586 
12.3207 -8.84732 9.71174 3.79317 18.1616 2.06667 4.208 -0.787061 7.04243 1.33011 
-4.38128 -2.31767 0.378814 6.60599 -5.38542 -1.39152 10.565 -12.4616 2.68281 -9.68456 
-6.89348 -8.83686 -4.90475 8.17064 8.01115 16.3343 -0.402949 8.63339 -1.57015 -8.28625 
0.670838 -9.59981 0.560092 -5.3607 23.1287 12.8207 -1.08267 -0.147053 14.2285 21.9065 
-11.4461 -3.51343 -1.60002 9.17913 17.0162 -0.0144893 -2.98907 -16.8319 12.0108 7.11172 
1.67648 12.4365 -17.109 3.3694 -11.8104 2.23803 -9.67692 -15.8244 -7.80773 -20.0523 
-12.1252 -2.92606 5.59927 -20.3389 -14.9861 13.4756 -1.42746 -7.77692 -4.32867 -2.96619 
-4.96544 0.312856 -17.4942 3.18953 -20.0246 -7.02674 -19.6726 24.1259 4.43199 -5.4018 
22.9181 -8.299 4.22196 -17.9051 3.26162 12.7064 9.58722 -7.83841 14.8621 0.404539 
3.69956 15.263 -6.80684 -16.3337 9.52948 11.1781 -17.0612 -23.5929 2.14087 -11.4762 
-4.20096 6.57559 7.00029 5.35049 5.74685 -6.57821 -8.255 -2.02132 -1.61375 11.3538 
4.9717 10.5907 -9.73344 2.21984 -0.520226 6.74442 -3.50195 2.26751 -9.28916 2.12592 
-12.9955 6.30163 4.51232 -3.66627 -1.89301 29.6085 1.88227 -0.207428 9.39007 -3.19082 
8.42887 -1.30917 -2.12307 10.7244 10.0832 11.5044 -17.5049 -21.5236 12.3772 4.37509 
-6.98267 -2.77563 -8.09268 0.71538 -7.56524 2.65066 -15.6199 -16.0504 -9.6214 -10.8543 
10.0305 8.17659 -8.11643 1.4151 9.43993 13.1287 -2.75211 28.1102 4.82762 2.75369 
1.79839 -17.623 4.87145 11.3433 11.9858 3.5435 -2.53333 -0.237924 -12.0717 -10.7826 
6.9325 -11.4572 9.57447 -13.33 19.6836 3.8081 -6.06323 12.3485 -1.32921 15.819 
2.12801 7.72054 -11.7763 -3.61953 -5.93487 8.0788 1.58526 -6.19036 18.8862 1.59123 
9.43098 5.65574 2.33289 2.5739 -11.6961 10.6986 -18.3014 4.56468 -6.9685 5.01441 
0.320742 -25.6073 4.95203 17.6486 -9.65249 1.65068 -9.84124 7.16244 9.57521 -9.98432 
-3.87752 6.72523 -9.82231 -1.32055 -10.52 -24.0716 13.291 3.57591 -9.76766 -0.748278 
0.963157 -0.252171 -5.09626 -1.07341 6.30847 -5.9534 -4.99333 0.733327 -6.78355 -18.0406 
8.35541 14.8715 -3.09853 -3.61242 18.9252 -2.5048 22.5529 10.1715 -1.07409 2.82329 
-10.3334 -8.37913 2.49314 -1.01606 -14.2672 18.2671 5.79333 7.43707 -2.16109 -5.13645 
1.83362 15.6126 0.204882 -18.1435 -10.8014 0.414859 -4.8251 -3.7194 21.6595 5.29914 
-11.8863 -3.02347 -4.40443 6.86001 8.89687 -16.5138 -3.62908 4.93064 8.17002 -3.55335 
-4.07423 7.92054 6.01691 -18.0382 -8.71895 11.468 -1.7661 -15.3568 23.5959 -18.7318 
-14.6714 5.21432 10.4735 -15.3807 -20.3614 7.46157 -4.81258 -12.1228 3.29668 -6.20889 
-11.9581 -4.91865 -2.54747 7.19263 9.12964 12.0017 -5.25213 -12.5999 2.00084 -2.02643 
1.78223 -0.0564639 7.41635 4.83302 -5.23812 -2.90114 28.5861 8.22668 -4.77583 22.4764 
-3.59853 -3.21731 17.3808 -6.13145 3.62203 0.808862 4.61834 1.4073 -9.77092 -3.24778 
18.8688 2.75656 4.33832 11.5297 9.72262 -9.31499 4.91191 16.4727 -17.2416 9.23292 
16.2221 -7.82671 -19.2103 -9.04945 12.2286 -2.69378 -4.80364 -11.9735 6.44003 -1.74041 
22.0424 2.30746 -12.9257 -4.21727 2.42787 3.21405 10.3148 0.400654 9.89323 21.2961 
-4.7186 -5.09254 7.66394 -2.70441 -3.15799 -7.5471 -2.56792 19.2463 7.41818 0.446782 
-5.09427 19.2831 10.1164 0.26564 -1.8094 -8.90057 -3.98814 -7.59482 8.80162 8.86384 
-5.72416 16.2383 5.01806 -9.21031 10.5634 -5.99534 13.3495 -8.86729 17.3555 18.47 
2.97749 -9.5523 19.6341 -17.4711 5.29759 -25.737 -12.0364 2.30803 1.25474 -5.30253 
1.60509 -10.2455 -0.231214 -6.49704 -15.1491 -12.5631 18.0252 -12.0036 0.966064 -8.73507 
-9.79384 -6.73799 9.80874 4.44497 -0.163066 -5.3964 -6.87121 -0.293796 -12.577 -10.4105 
